49.79
50.95
52.89
51.56
50.21
49.68
48.60
50.95
49.11
51.70
48.84
50.83
49.14
52.72
47.70
53.11
52.39
49.13
50.90
48.70
50.01
47.75
50.25
50.13
52.90
49.28
48.86
51.60
47.83
47.80
49.28
50.39
49.58
48.12
49.14
48.86
51.13
50.81
49.51
51.92
50.82
52.72
52.26
45.48
50.05
51.11
51.99
48.98
49.84
50.79
48.23
50.52
51.68
53.91
48.61
49.12
51.51
49.89
49.69
49.42
50.78
49.41
48.68
51.39
50.97
52.41
52.03
49.14
51.13
49.80
51.99
47.15
48.10
49.90
51.28
48.76
49.76
47.58
49.79
50.69
49.35
51.51
49.58
51.22
50.15
50.82
53.52
50.85
48.16
50.57
50.51
48.33
48.80
52.38
49.04
50.52
51.22
50.03
50.84
53.28
52.29
49.06
48.43
47.84
48.05
54.16
49.51
49.14
48.86
47.41
51.34
50.00
49.49
49.39
49.39
50.59
49.19
50.39
48.45
49.74
50.39
47.71
50.75
51.31
50.92
48.12
48.12
52.34
53.17
52.76
48.85
50.54
50.25
50.25
49.11
52.27
51.64
49.87
50.41
48.38
50.52
50.02
51.48
48.94
53.76
52.32
49.35
50.91
49.47
49.56
47.93
50.67
49.41
50.47
49.59
48.43
50.97
49.10
50.33
52.33
49.68
49.03
50.97
50.15
51.55
50.04
49.32
50.70
49.91
48.13
49.21
50.98
51.12
49.26
50.60
49.46
46.85
48.28
52.25
50.17
51.27
48.97
47.35
49.38
50.05
50.83
48.30
50.42
48.55
52.72
50.17
51.28
49.00
52.61
49.19
52.97
45.65
53.61
47.41
51.34
49.53
49.62
49.92
50.09
50.67
47.84
47.88
47.96
51.64
49.31
48.12
49.13
50.20
48.93
49.83
50.59
47.71
46.84
51.76
52.13
49.41
50.05
49.76
49.18
51.24
52.52
49.33
51.15
49.90
49.09
50.48
49.16
50.59
52.62
49.12
50.25
51.32
48.33
49.47
50.02
50.41
50.20
48.62
51.27
48.89
52.52
51.96
50.11
48.37
48.60
51.23
49.22
50.63
46.44
52.54
48.19
49.85
49.92
50.94
49.72
50.11
49.87
50.04
50.48
49.77
51.96
48.85
49.34
52.87
50.54
51.34
47.84
49.78
48.82
51.52
50.08
48.29
47.82
50.07
52.00
49.55
51.50
51.51
50.00
50.81
49.68
50.19
48.69
51.54
52.53
48.51
50.12
50.88
50.48
49.63
50.54
50.20
48.81
51.74
50.11
49.66
50.10
49.71
48.55
49.81
51.55
46.87
49.34
48.93
52.31
50.79
51.49
50.66
49.52
51.00
52.11
48.65
50.75
49.16
49.33
52.29
49.91
49.48
51.19
51.79
50.94
49.31
48.98
48.68
50.19
50.04
48.99
50.06
49.12
49.35
49.04
48.48
50.34
51.25
49.37
50.60
47.68
51.93
50.25
50.49
50.04
50.79
50.19
49.16
49.96
47.63
47.80
48.12
49.63
48.92
50.50
51.97
51.46
50.75
47.39
50.73
49.45
51.69
51.95
50.98
50.75
51.91
49.48
49.13
49.71
49.71
47.10
49.46
49.98
51.29
51.48
52.06
49.10
51.29
50.98
49.10
50.00
49.20
49.64
49.58
50.70
49.79
48.59
48.16
50.44
52.55
50.57
48.49
49.67
49.92
50.47
49.27
49.02
50.27
50.12
52.29
49.78
51.75
47.87
51.35
50.36
51.00
50.17
49.72
49.98
49.74
49.97
50.97
49.33
49.25
50.30
50.26
50.05
46.83
48.53
48.09
49.35
46.31
51.59
49.87
47.76
53.65
54.44
48.86
49.93
52.64
52.76
49.53
49.08
48.22
49.71
48.15
49.78
49.37
47.16
49.22
48.71
50.31
50.14
49.58
50.35
49.01
49.62
50.64
52.36
50.60
51.27
50.83
49.83
47.53
50.84
51.31
50.75
50.85
51.14
52.65
48.26
48.13
51.61
51.50
48.05
48.66
52.11
50.90
49.60
49.46
50.74
49.66
50.36
49.95
47.47
49.67
52.43
51.30
51.97
49.64
49.66
50.01
49.87
51.80
47.28
49.92
50.33
50.57
50.33
48.80
50.53
50.64
49.23
51.02
49.54
49.74
47.28
52.05
48.03
51.43
50.30
50.87
50.35
49.60
49.62
50.16
48.46
49.24
50.02
47.93
50.02
52.51
51.61
49.63
52.54
51.55
51.90
52.92
48.03
48.77
48.60
48.68
50.01
50.86
49.95
48.53
51.39
50.66
48.54
48.40
51.15
49.15
51.91
48.43
51.87
49.71
50.16
50.14
51.78
49.29
47.85
48.88
49.17
50.43
51.21
50.03
49.09
48.30
50.54
50.81
49.60
49.80
50.76
48.38
50.26
52.64
49.95
50.48
47.50
49.63
50.09
52.98
51.21
47.78
49.53
50.15
50.89
49.14
48.11
48.75
50.80
49.41
50.44
52.35
51.20
48.60
49.24
50.25
52.54
50.84
49.71
52.04
50.36
50.22
50.05
49.76
47.94
51.30
49.93
49.75
50.53
49.00
51.46
48.58
49.89
46.17
49.88
51.41
51.21
50.22
51.43
52.86
50.93
50.10
50.51
50.39
54.26
50.18
46.17
50.72
48.05
52.61
49.74
49.67
49.62
47.40
52.29
50.05
49.40
49.05
52.53
48.94
52.66
51.89
51.13
49.89
49.14
50.42
51.11
49.34
49.42
48.05
51.71
51.67
51.43
50.96
49.90
49.20
49.11
49.44
52.25
50.82
48.33
49.83
49.57
50.56
49.65
49.11
49.85
47.89
51.15
46.71
49.35
49.52
51.20
48.97
48.33
51.41
49.91
49.83
48.54
48.38
48.85
48.84
52.84
51.09
50.62
53.61
48.15
53.13
49.59
48.13
49.06
49.74
46.02
50.92
51.81
49.86
50.32
50.00
53.83
50.70
50.25
51.60
51.97
49.93
47.71
50.87
50.98
54.01
50.41
49.92
47.20
47.92
49.34
50.78
49.79
49.73
49.53
48.84
50.21
53.86
49.77
49.65
50.50
50.36
51.32
50.24
50.97
50.00
50.85
52.51
47.97
49.83
50.11
50.10
48.23
50.49
47.87
51.06
51.55
49.77
49.81
48.94
50.05
47.77
48.08
54.14
49.51
49.63
50.84
48.34
48.18
48.57
51.47
47.74
47.51
51.31
46.29
48.34
52.55
49.62
52.35
48.19
51.37
51.21
51.72
51.19
46.56
48.98
47.54
50.62
47.52
50.19
51.59
51.93
48.17
49.87
51.28
46.89
49.82
51.37
50.53
49.11
51.18
50.31
48.04
52.46
49.67
49.43
50.14
51.83
47.96
49.69
53.30
50.46
51.57
48.07
50.32
51.69
49.16
50.46
52.07
47.87
51.37
50.53
48.52
51.40
48.99
50.62
50.64
50.94
49.67
51.16
49.59
48.61
48.99
49.98
49.41
50.28
50.52
50.27
48.31
48.60
49.73
48.23
50.66
49.77
50.74
51.44
50.15
49.34
49.93
48.51
48.24
50.46
50.14
48.21
47.21
48.03
50.63
49.07
52.48
48.09
49.62
49.25
52.01
47.74
50.47
52.82
49.45
51.18
51.01
49.61
50.18
48.26
52.69
50.59
49.45
47.76
47.98
48.38
49.16
50.02
48.73
49.16
51.91
47.25
51.74
49.37
49.68
48.52
49.06
49.30
52.29
50.64
49.27
52.70
49.94
47.37
49.40
49.44
49.95
49.55
51.39
49.13
49.02
49.36
49.92
48.56
49.02
47.61
50.71
50.72
51.09
48.92
47.32
53.42
48.03
52.72
48.56
51.02
51.45
52.99
50.88
49.01
48.76
48.92
48.85
48.79
49.72
51.11
49.70
48.21
48.22
50.09
47.77
50.85
48.61
50.30
49.03
49.76
49.49
48.73
50.24
51.56
51.74
50.20
50.64
52.01
47.36
48.17
50.35
50.87
48.50
48.62
48.56
50.05
47.81
47.99
48.73
51.16
52.02
47.62
49.82
52.71
50.61
49.40
52.42
52.58
49.03
49.95
48.92
49.27
47.29
47.99
51.79
50.86
50.27
46.97
49.32
49.86
50.87
49.98
49.11
50.64
48.59
48.86
49.33
52.55
47.84
51.17
49.78
49.71
50.58
50.29
48.89
51.29
51.20
49.41
52.87
51.07
50.84
50.66
53.10
49.40
50.64
48.81
49.56
49.69
49.82
50.87
49.61
50.58
52.29
51.01
50.13
51.41
51.18
50.83
51.83
51.85
51.39
50.99
48.08
50.09
50.47
49.18
49.15
50.00
48.89
51.04
51.54
48.89
50.90
47.69
51.08
48.24
50.66
