0.31024474281765313
0.5929412211729952
0.8223338018295788
0.9777770815295176
1.0455863165998662
1.0202955659468744
0.9051572342860658
0.7118303094488774
0.4592847231217262
0.17202353861170314
-0.12221126271194771
-0.3950352507732865
-0.6200778299743136
-0.7754502727169719
-0.8457950005932546
-0.8237247061315598
-0.7105168835924398
-0.5159988702675502
-0.25763409550052674
0.04110516709896775
0.3529266149713417
0.6492639238453084
0.9029422104508693
1.0907140545351335
1.1954292676826404
1.2076357951304435
1.1264622568055633
0.9596997145023233
0.7230750290046601
0.4387836608554267
0.13341892160549856
-0.16450895925883036
-0.42723228603435004
-0.6303155356363518
-0.754933377117726
-0.7896243720554953
-0.7313566258602658
-0.5858059199391019
-0.366820403371132
-0.09512189172570537
0.20363488476370364
0.5012637793527575
0.7696851390953785
0.9835537140294425
1.1226310855416377
1.1736809933156254
1.1317104967450686
1.0004409995107748
0.7919650898418013
0.5256211869745558
0.2261910354409803
-0.07841166906273464
-0.3597457114365126
-0.5914966623105857
-0.751933208806186
-0.8259361452236442
-0.8064105596066273
-0.6949493471110283
-0.5016860908121457
-0.24435104636478958
0.053381620208070864
0.3641010115659248
0.6592149966598458
0.9116154073275572
1.0982040769822932
1.2020438671185285
1.2139338555427373
1.1332616427077993
0.9680532465806042
0.7342159970394191
0.4540452092742413
0.1541341734873953
-0.13711727583787903
-0.39216285789230115
-0.5868901047430233
-0.7028797313602607
-0.7291330336778952
-0.6631059130077926
-0.5109528801003249
-0.28695817363931436
-0.012207045660918514
0.2873787695297288
0.5834580031268608
0.8479135597798104
1.0554761454382142
1.1860828422412877
1.2267504019832292
1.1727883402401862
1.0282385585986067
0.8055004457381322
0.5241764647037267
0.20924602088393246
-0.11126187434699712
-0.4088798328936962
-0.6573533982995879
-0.8350848859958329
-0.927141592375795
-0.9266409009655326
-0.8353830123090255
-0.6636722944327148
-0.4293440304170766
-0.15608755169633542
0.12877754035640954
0.39686428317643097
0.6213809371932081
0.7796444803333382
0.8552101702743996
0.8394181870490102
0.7322128079480855
0.5421575062306012
0.28564446016954986
-0.014627803540376239
-0.3317665543267937
-0.6371896261757863
-0.9032889712765619
-1.1060043223529183
-1.2270666718639598
-1.2557021005642002
-1.18963687330739
-1.0353099611813619
-0.8072731534496378
-0.5268347793569064
-0.22007368466996205
0.08459109449871609
0.3590480383584497
0.578111020254636
0.721862941257777
0.7775063327865086
0.7405481918387078
0.6152084983597772
0.414014372428145
0.1566178887861442
-0.1320519253858612
-0.4241301981634515
-0.691431659787527
-0.9080960390476969
-1.0530162203674331
-1.1118222596855132
-1.0782358354738273
-0.9546685073030053
-0.7520077774201864
-0.48861080548008595
-0.18859962892731813
0.1203830194109465
0.409747821802823
0.6526226174407606
0.8263570965598468
0.9146346080166823
0.9089939185326362
0.8096188505789141
0.6253220819138627
0.37272462960103225
0.07470763861073323
-0.24171896317283292
-0.5479319403165744
-0.816359495267189
-1.023046499206735
-1.1498807323180538
-1.1862723295274387
-1.1301297053851649
-0.9880409446572926
-0.7746438564919467
-0.5112436691121012
-0.22380761189544096
0.05947617004461797
0.3108472321770652
0.5055814566289528
0.6243158996256171
0.6548725733945077
0.5934106709746352
0.44479946145472254
0.22217686876420717
-0.05426519806777397
-0.3591554739428604
-0.6643029935816065
-0.9413215336104958
-1.1642738582793513
-1.312088921375825
-1.3705263633885776
-1.3335049024083676
-1.20367060330425
-0.9921519766219526
-0.7175247791724711
-0.404083172561101
-0.07957865360566432
0.22736214565966817
0.48989972054260883
0.6854754930269441
0.797904372649398
0.8188707916031887
0.7486886509131263
0.5962543707763511
0.37819760531871155
0.11730912153397897
-0.15960714454029504
-0.42425705935291946
-0.6495184679930633
-0.8119937491182377
-0.8942141596574127
-0.886289900797619
-0.7868516039134199
-0.6031951144512105
-0.3506158629404248
-0.050994806099945195
0.26923217153958745
0.5815319125986291
0.8579293165783823
1.0736124834210976
1.209244476562244
1.252765887851084
1.2005199171191292
1.0575949247404526
0.837352470134286
0.5601848906532576
0.251618402592579
-0.06006119771990226
-0.34643859500999463
-0.5816092783081471
-0.7445836897781924
-0.8212308388600541
-0.8055800487735469
-0.7003594622635453
-0.5167212260806768
-0.27317924101986996
0.0061410882243401535
0.29377741017434644
0.5615166281115457
0.7830509770195722
0.9364556815413206
1.0062565657380536
0.9848942848284297
0.8734482059570884
0.6815521162813647
0.42650942428385064
0.13169029445774288
-0.17563976679874402
-0.4668572395376755
-0.714647003279634
-0.89554892536804
-0.9921468792649504
-0.9946958127073402
-0.9020349367233593
-0.721701745374991
-0.46923617980914734
-0.1667398520120207
0.15917521638717513
0.47985690068189346
0.7672717782308052
0.9966043070149271
1.1485538442159489
1.2111152108322374
1.180676757906225
1.0623336434655204
0.869387332747374
0.6220783418304767
0.34567085809127246
0.06806840199185227
-0.18281650936836114
-0.3816927658051543
-0.5082752032964404
-0.54920031765404
-0.49929398670556513
-0.3620725655732733
-0.14943033231772418
0.11945773187315462
0.4199155409766657
0.724061841119217
1.0034081976524831
1.2315165050986239
1.3864679017928498
1.452912550272504
1.4235088525491482
1.2996176545281168
1.091186534691543
0.8158348748699232
0.49722501552218445
0.16287143765925138
-0.15840763457207496
-0.43915845057631586
-0.6558308446087755
-0.7909513962081902
-0.8347279888837305
-0.785936232569225
-0.6520052928820513
-0.44829544446231206
-0.196635153463694
0.0767453541272671
0.34369072422879376
0.5767756921804353
0.7518906055990147
0.8505154962969441
0.8614700500503547
0.7819757907169398
0.6179310523325795
0.38337285823948475
0.09917579143921706
-0.20889076936612572
-0.5125657162267586
-0.7837352243518969
-0.9970612802775615
-1.1323542349003168
-1.1764677554917227
-1.124539113316358
-0.9804588423739338
-0.7565257346615455
-0.4723191813013118
-0.15289392577619004
0.17353445683011282
0.47819750844030345
0.7344320399967504
0.9201405945709784
1.0198248074405918
1.02600214734827
0.9398741154426543
0.7711838860610565
0.5372770679316545
0.26145367657624113
-0.029234410485272394
-0.306534475087662
-0.5436538928815273
-0.7177821779046127
-0.812238333958287
-0.8180427340844457
-0.7347665276995591
-0.5705790842071922
-0.34148891716831153
-0.06984889581557957
0.21773469764025835
0.492893986973547
0.7281594360166834
0.8995393907912733
0.9887781851440937
0.9850817398960966
0.8861492734451387
0.6984145033645169
0.4364735063834149
0.12175232782074671
-0.21946159883196292
-0.5584407732191641
-0.8666659802498065
-1.11845477539343
-1.2933250698692853
-1.3778735245087201
-1.3669937700905932
-1.2643211165859387
-1.081862637176058
-0.8388475704430786
-0.5599057731013415
-0.27274467868408736
-0.005542017468306737
0.21570194054630654
0.3696051195357064
0.44140922719392595
0.4243627633299212
0.32035220327846237
0.1397223749055373
-0.0996971797106781
-0.37426886235478884
-0.6567699947515739
-0.918954339862457
-1.1342127298424567
-1.2800840594457086
-1.3403818335336004
-1.3067373194521295
-1.1794148008830208
-0.9673223752700799
-0.6872168372496675
-0.36217643260501153
-0.019483624742370267
0.31188489495834826
0.6039270448430745
0.8321942916396788
0.9780403274437992
1.030329947431452
0.9864489777581651
0.8525213469135955
0.6428134017057203
0.378381430017122
0.08508898249557242
-0.20882061102401017
-0.47536964825158523
-0.6894622068627727
-0.8312266553827259
-0.8878657498077893
-0.8548415891337103
-0.7362848793171164
-0.5445904546915973
-0.29923705711146525
-0.02494187304902365
0.2506774938572264
0.4997148900480112
0.6966169780202599
0.8206069674959936
0.8576638709377807
0.801871925824731
0.6560136262969186
0.4313504329944371
0.1466110867493724
-0.17371854474867254
-0.5016449191010531
-0.8082460198444785
-1.0663399354078102
-1.2529940670497814
-1.3516410608986926
-1.3536042414411171
-1.2588904186832774
-1.0761763041758732
-0.8219900185854876
-0.519164279081628
-0.19470580536416635
0.12272006620448334
0.4054547042983143
0.6294126501115991
0.7763097395450598
0.8353450515768654
0.804179922650708
0.6891229709949218
0.5045042777898636
0.2712976435735576
0.015120101356244281
-0.23620393976413306
-0.45528586014826455
-0.6177758633104288
-0.7046821722210833
-0.7041891856969448
-0.6128041880000709
-0.43572492289912734
-0.18639312684966886
0.1147248326858189
0.44201685105009453
0.7670885121769431
1.061390744790182
1.2988666733490195
1.4583707718851575
1.5256346247946726
1.4945958681425906
1.367966281626042
1.1569859791234554
0.8803865773238386
0.5626600172694225
0.23179448224704557
-0.0833114502033449
-0.3555153041339454
-0.5619292634583174
-0.6860179490886011
-0.7191000515513066
-0.6611141731590612
-0.520577984542045
-0.3137451632455879
-0.06303951871508395
0.20508678021394675
0.46267017723507287
0.6828921723503457
0.8426265042812255
0.9246385707721326
0.919231100789919
0.8251818526723956
0.6498852832829536
0.40868453490100964
0.12345576987568149
-0.17942322084242873
-0.4715306287694856
-0.7250550657198792
-0.9153989694000951
-1.023487797472768
-1.0375692205853142
-0.954334068092139
-0.7792540381567176
-0.5261042502845533
-0.2157147707655658
0.12593282127221017
0.4700866545101598
0.7878618328790108
1.0528881416317235
1.2437216429040596
1.3457956851934563
1.3527298774822787
1.2668755393240312
1.0990474333758933
0.8674675585212483
0.5960203352380697
0.31198278157568604
0.04344225677838576
-0.18335653311715394
-0.34648703588265983
-0.4304072799440122
-0.4274239326293613
-0.3384170367952236
-0.17275760843523202
0.05257425044014291
0.3145883111469759
0.5864507755619062
0.8400158556667574
1.04848561958553
1.1889492824740135
1.2445642973550572
1.2061749777727493
1.0732168451526862
0.8538215408438019
0.5641117528862423
0.22675121371836296
-0.13111563275582186
-0.4803427119949688
-0.7924494597100216
-1.0422277609448074
-1.2100460237645487
-1.2836359720188977
-1.2591960018678745
-1.1417087128473744
-0.9444435420118922
-0.6876914530835024
-0.3968502629920499
-0.10003973752770134
0.1745305971808041
0.40119499034154266
0.559220392175217
0.6347277627790398
0.6219665332835513
0.5238235001397595
0.3515190282557718
0.12351942907733363
-0.13623233249953887
-0.4006017088794641
-0.6418492870381349
-0.8342767914731098
-0.9566844275598654
-0.9944092032127749
-0.9407529761281752
-0.7976659575754788
-0.5756209403609864
-0.29268911436929923
0.027097071921938304
0.3559419180195259
0.6648408228718777
0.9262531087877157
1.1166442996735975
1.2186609352544122
1.2227352196397472
1.1279699422430238
0.9422212106498009
0.6813713337878777
0.3678597061460599
0.028608719692357412
-0.3074618888029699
-0.6121005246141662
-0.8603206383604003
-1.032687132856668
-1.117079448436192
-1.1097674545496161
-1.0157005204293756
-0.8479836738001565
-0.6265907156319079
-0.3764354463287423
-0.12498211657801464
0.10038075532088886
0.2749569769122213
0.37910439178951433
0.40012026370962095
0.3334734374075755
0.18326745808545886
-0.03810926087339772
-0.31111411303533976
-0.6108566775624248
-0.9094124424302905
-1.1784280101906552
-1.3917745758192446
-1.5280018284165695
-1.5723629365739833
-1.518221204722868
-1.3677066080628864
-1.1315603476932115
-0.8281812862936282
-0.48196255873633276
-0.12107285180576682
0.22511136797479797
0.528683864311643
0.7657478167001701
0.9185801144337324
0.9772197159448492
0.9403328121730403
0.8152750495975427
0.6173460155800096
0.36830656706193576
0.09429835477033513
-0.17663936247557988
-0.417223009402639
-0.6034997130565166
-0.7171031010244342
-0.7469788726650097
-0.690418790066488
-0.5533064613675365
-0.34955204086142055
-0.09976885812829966
0.170684077031047
0.43411039258669043
0.6631099646900016
0.8331911318798986
0.9251167153884151
0.926763813077414
0.8343226629430682
0.6527215319999352
0.3952368205796249
0.08232363573543261
-0.2602251222971048
-0.6036203972141772
-0.9187017826424215
-1.178601449196604
-1.3611994246122459
-1.4511418601674901
-1.4412346285799051
-1.333082820831489
-1.136917006464238
-0.870622930907551
-0.5580655669021322
-0.2268641839870961
0.09417378716676311
0.37772061082056907
0.6004489932785403
0.7451707805606279
0.8023944888664163
0.7711569587598655
0.6590523352457814
0.48145664544829636
0.2600214609082903
0.020578466692500776
-0.20934816854806587
-0.40318806289032416
-0.5378811408189673
-0.5961043967780941
-0.5679597174285818
-0.45196395409198076
-0.2552476646393005
0.007057069460373655
0.3131835108239845
0.6367249797709312
0.9490718070555375
1.222063471958978
1.4306086191675806
1.5550284831348304
1.5829049099441488
1.5102602604459738
1.3419587029351747
1.0912909507524022
0.7787805977721934
0.4303227489543398
0.07482786185575324
-0.25841019981149804
-0.5423772494282572
-0.75478552491107
-0.8800768967375109
-0.9107967982366767
-0.8482119281367528
-0.7021153960272126
-0.4898388391543197
-0.2345650498852928
0.03690009381626963
0.2966872002513273
0.5185143974505709
0.680181376520705
0.7656728006083409
0.7666740758705878
0.6833575302154056
0.5243653598330731
0.30599089990082506
0.05063482870547764
-0.215319188464615
-0.4640105119569312
-0.6687544788594031
-0.8065936908354336
-0.8605083834349738
-0.8210783281058911
-0.6874398260239268
-0.46744709142004087
-0.17702155388356033
0.1612515968198867
0.5201500208423371
0.8702761893618037
1.1827262044117341
1.431717609846308
1.59693207390634
1.6653553464803241
1.6324437161530325
1.5025089429682665
1.2882864647725554
1.0097277701253213
0.6921300957317633
0.36377829576536086
0.053319086683756844
-0.21288733797845316
-0.41319141441407625
-0.532628266680916
-0.5642581586346396
-0.5097491239020658
-0.3791484840313617
-0.18986584845330742
0.035036058173618906
0.2690816650199175
0.4849431818333692
0.6570808895408687
0.7642149514244989
0.7913963539051838
0.7314820688332251
0.5858752415263204
0.364459946621962
0.0847353962254434
-0.2297706063075256
-0.5516616963945076
-0.8522054503549941
-1.1040023648699602
-1.2835423644896806
-1.373410175474611
-1.3639334770337195
-1.254119561067284
-1.0517924634290992
-0.7729169921452212
-0.4401718208504039
-0.08090376904163216
0.2753469748871521
0.5995209958495074
0.8656649568163891
1.053264504532507
1.1490685724730607
1.1482363958639779
1.0547017945705728
0.880722337084477
0.645657050545585
0.37408828649453635
0.09346447271720754
-0.16851492766851384
-0.386527029429372
-0.5400195112946119
-0.6151468047432653
-0.6060672918565913
-0.5154802247774735
-0.3543523164291157
-0.14085986314425852
0.10135424880853022
0.34544509667736634
0.5639393616853119
0.7313765261931422
0.8267696167637489
0.8356541871946985
0.7515325687125886
0.5765767984939463
0.3215228088156351
0.004763959026604897
-0.34927322887574463
-0.712321196296626
-1.0548282959977808
-1.34864334680902
-1.5695785273942087
-1.6996125395731863
-1.7285293777702893
-1.6548405387422755
-1.4859051959988347
-1.2372375223736203
-0.9310660042405605
-0.5942791908343277
-0.255949367019392
0.05533519482228072
0.3140811113419351
0.5002011369995514
0.6008112166927041
0.6113469768700379
0.5358970027022846
0.386723518578808
0.18301707051729274
-0.05099659574684981
-0.28841874569858633
-0.5022864455367437
-0.6681824408814026
-0.7666006180671322
-0.7848444859367136
-0.7182798776396717
-0.5708235610954138
-0.35462101127602863
-0.0889425502355275
0.20159969548086745
0.4893478805068032
0.7461932465833541
0.946227154174821
1.0682003211585167
1.0975598948067151
1.0278731543630122
0.8615036857449453
0.6094754647438947
0.2905359355441226
-0.07049618354746337
-0.4449459632355586
-0.8028553160028935
-1.1156757792645262
-1.3588316009677497
-1.5139157848183018
-1.5703159629084593
-1.5261201057611429
-1.3882191926300385
-1.1715987832990853
-0.8978869726749583
-0.5932954204703877
-0.2861465711581959
-0.004218549795069304
0.22784404080107679
0.390811644439187
0.472630849185245
0.46950120228876074
0.38616807074499293
0.23540535239161742
0.03673774412242686
-0.18547649264008542
-0.4044214204607483
-0.5934341346211671
-0.7286044143801604
-0.7911183974478786
-0.769125231237239
-0.6589502133369051
-0.4655390173459519
-0.2020895034646752
0.1110963804703699
0.44843509300039197
0.7813896836225724
1.0810874974355071
1.3209839246546609
1.4793241314970702
1.5411732711392818
1.4998256586544882
1.357461074112002
1.1249863530621016
0.8210762030588978
0.4705016779906165
0.10190099795127336
-0.2548007607729006
-0.5710839992145034
-0.8223895578737583
-0.9902998746035238
-1.064144904275697
-1.0418851316256421
-0.93019151818401
-0.7437171730251065
-0.5036309265333722
-0.23555177764414098
0.03292104371386001
0.27485011094752143
0.4665258247360221
0.5897156998441668
0.6333860732984633
0.5947349854262174
0.4794396482052174
0.3010956027601511
0.07990049126376522
-0.15929375993420208
-0.38937725472711027
-0.5836016746243595
-0.7181766866871879
-0.7745987741626545
-0.7414928530021927
-0.6157923930125636
-0.40314544004519104
-0.11750617775523298
0.22005227115343584
0.5831953265375122
0.9426835407987865
1.269010363745412
1.5350766970899898
1.7186541828570812
1.8044086281047105
1.7852957433429752
1.6631996620397875
1.4487550766986699
1.1603697087252982
0.8225381456030396
0.46360389704219807
0.1131777026344104
-0.20054810521070965
-0.4533399776880732
-0.627082899562276
-0.71135992915711
-0.7043063230913799
-0.6126609320713476
-0.45101261536294
-0.24031464044702144
-0.005808385026058183
0.2254472422491612
0.42720754281506246
0.576586929871195
0.6562773160518701
0.6562310651606742
0.5746498878473139
0.4181862083897046
0.20133743175700325
-0.054910712043776067
-0.32506505742224084
-0.5815447545787594
-0.7973131453550735
-0.9484748491159491
-1.016594047934424
-0.9905156810836689
-0.8675174014704117
-0.6536824081871905
-0.3634558406525075
-0.018423527903783266
0.35457557281106544
0.7258297132446709
1.0654078792492303
1.3458413117151704
1.5445850687584575
1.646032014411876
1.642893165792386
1.536817209411316
1.3381927154680504
1.06515253932722
0.7418740158006395
0.39633391098442367
0.057727603105863945
-0.24620708976936045
-0.4917125123935787
-0.6611460046931137
-0.7445293291075482
-0.740370045365978
-0.6556804513250541
-0.5051948722171055
-0.3098611173480562
-0.09474982135612434
0.1134201971034563
0.2889065762548489
0.40947013234444335
0.45856501945537265
0.426985309334975
0.3138119836338791
0.12656996129337483
-0.11942110181641663
-0.4024428340714489
-0.6963914325189193
-0.9732205815013386
-1.205585816461804
-1.3694428927885345
-1.446356584700375
-1.4253029691163503
-1.30379516643903
-1.0882253413670733
-0.7933886524732094
-0.44123097971070646
-0.05893454959052463
0.32348272782528753
0.6758330558321268
0.970443773946303
1.1846138427180275
1.3026152422955632
1.3170550453139795
1.22947337912196
1.0501235453319961
0.7969565871376892
0.49390649477186005
0.16863712404509465
-0.1500382780246
-0.43482393552241994
-0.6624461878309782
-0.8157629179040693
-0.885282116502661
-0.8699495274277215
-0.7771339542638004
-0.6218140685852633
-0.4250454069719289
-0.2118536831545535
-0.008754268941720544
0.1588673080245162
0.26926601051570853
0.3065014688643305
0.26205056325537496
0.1357149975854426
-0.06426344505242398
-0.32189295895563896
-0.61486449648733
-0.9165949043095984
-1.198690593092317
-1.433602167572558
-1.5972221182464073
-1.671182498280089
-1.6446370402865922
-1.5153598474467718
-1.2900561800618486
-0.9838540425739367
-0.6190214321489735
-0.22302613422533613
0.17388387626901225
0.5413567543721787
0.8516232574947478
1.0819458590173614
1.2166050849170893
1.2482407244205609
1.1784255912118065
1.017420892596525
0.7831383403588463
0.49940781192258765
0.19371377249280627
-0.1053872061787452
-0.37092622359905086
-0.5800108227224878
-0.7159109480305444
-0.7695484114070079
-0.7402523820090066
-0.6357124152355743
-0.4711358850374224
-0.2676913367720506
-0.05038625439017205
0.1544192259565767
0.321626982411221
0.4298962282332388
0.46378292543115895
0.415320067957713
0.28488800824341776
0.08129055964215504
-0.17897289339294797
-0.4731735704504141
-0.7744226548670606
-1.0541519154306749
-1.2847747353554717
-1.44227929918585
-1.5085114683006897
-1.472933303511312
-1.3336916269966326
-1.0978949449990079
-0.7810705191160523
-0.40584952790860274
0.