31.41
31.83
28.47
32.50
30.68
33.23
33.55
29.70
30.11
29.31
32.20
31.64
28.40
31.97
29.72
29.24
35.11
28.15
27.41
26.57
32.71
29.63
28.37
29.16
28.61
28.90
31.30
29.19
24.69
30.75
28.56
29.42
31.79
32.65
30.08
28.95
31.25
28.77
28.66
32.15
29.46
30.64
32.66
29.51
28.92
31.42
28.20
29.22
32.75
28.94
28.03
28.80
30.23
26.78
32.78
29.71
31.90
33.28
32.48
30.04
31.53
30.34
28.05
29.47
29.94
29.31
29.44
29.58
28.44
30.84
28.30
31.34
31.18
28.69
31.23
29.16
31.83
29.81
29.23
28.70
29.38
28.22
26.79
28.32
29.20
29.91
31.61
28.84
29.10
32.14
27.75
27.30
28.15
28.58
31.11
29.27
28.99
27.90
28.84
31.76
30.18
30.77
32.24
27.21
34.14
27.65
28.61
30.78
29.96
30.55
28.58
27.57
29.57
28.68
31.65
33.55
34.07
32.00
30.18
29.52
29.06
29.19
32.03
33.50
30.23
25.66
28.68
31.83
29.07
28.34
31.86
25.71
30.95
28.38
28.76
26.28
28.88
29.96
32.62
30.79
28.88
33.09
31.81
31.35
28.83
29.85
31.78
31.66
29.90
33.21
30.46
29.24
31.82
32.07
27.70
31.89
29.74
30.66
29.54
27.36
29.92
26.66
33.11
31.43
30.50
31.78
29.30
26.41
29.31
30.72
30.52
29.55
28.34
29.73
29.68
31.90
29.11
29.05
31.56
30.82
27.79
31.49
33.45
28.22
30.99
31.04
31.17
28.62
34.92
28.12
30.89
32.34
34.16
32.10
28.89
31.92
27.46
29.60
29.15
32.60
27.94
29.86
30.94
27.48
30.70
30.06
28.31
29.01
31.75
29.03
30.86
32.19
29.20
29.42
28.29
29.11
31.06
27.23
28.68
23.31
31.08
30.45
33.54
25.72
31.28
28.99
25.22
27.05
31.60
34.92
28.06
30.86
32.48
29.82
29.68
34.67
30.24
30.15
28.10
32.00
31.23
29.31
31.23
28.39
29.48
31.45
32.48
31.12
32.35
33.46
31.28
30.31
29.76
29.52
29.80
30.81
27.37
29.04
27.97
29.83
26.38
27.70
27.36
32.00
30.05
29.47
30.09
29.16
32.11
25.02
27.79
25.72
29.89
31.01
29.33
28.01
27.67
28.58
30.73
31.51
28.79
32.96
33.30
27.80
29.22
28.68
29.48
34.42
28.34
30.31
31.76
29.47
29.92
26.64
29.88
27.18
31.24
30.90
29.70
31.07
30.69
33.39
32.39
33.74
29.56
29.16
33.77
29.91
26.50
34.06
30.69
30.72
30.74
29.14
31.32
28.22
31.51
27.37
32.35
32.85
29.57
29.56
28.35
33.65
26.99
34.11
30.92
28.74
29.44
30.42
30.41
28.17
27.31
32.60
27.95
30.35
29.41
27.67
29.75
29.59
34.56
32.74
28.92
31.47
31.03
30.67
32.62
29.99
30.60
31.67
31.54
28.93
28.35
29.00
27.08
29.31
29.46
28.85
31.31
29.92
29.97
27.96
30.82
30.99
32.31
33.27
28.97
28.45
35.24
30.65
27.72
27.19
28.51
32.02
28.36
31.95
30.78
28.80
30.54
28.84
32.58
30.90
31.05
28.35
32.67
31.08
27.09
29.84
31.09
28.09
28.67
30.74
30.11
32.66
28.66
31.62
29.48
31.02
28.74
30.06
29.11
28.36
30.23
27.55
27.83
28.72
33.37
31.38
31.57
29.48
28.65
26.85
31.01
32.81
29.24
31.00
23.73
29.33
30.05
31.50
30.34
33.11
33.72
31.26
23.88
33.83
31.14
31.09
28.93
28.52
28.82
31.94
27.76
29.49
31.42
25.50
28.85
30.77
27.55
29.02
30.07
26.43
30.10
31.82
32.59
29.50
26.57
34.13
26.72
30.03
29.98
30.37
33.60
30.03
31.73
30.17
25.96
28.94
27.64
28.34
27.04
29.91
32.54
29.24
30.81
31.62
29.43
31.62
31.90
31.23
29.64
27.99
29.71
28.46
30.55
28.34
28.36
31.10
30.95
28.13
27.35
34.03
29.25
29.04
30.06
29.29
31.55
30.17
31.76
26.27
33.85
27.31
27.34
30.68
33.41
30.05
31.67
29.62
31.73
33.39
27.44
27.84
29.27
29.74
32.65
34.00
29.55
30.36
29.65
31.08
31.18
26.84
29.65
32.16
30.37
31.74
29.12
31.12
29.22
33.72
32.08
28.74
30.82
29.93
30.44
31.33
32.09
30.82
33.04
30.93
30.38
29.72
29.70
30.48
30.52
29.64
30.72
27.37
27.68
29.67
28.42
29.00
31.25
27.53
30.73
29.80
26.85
29.13
26.84
27.42
27.05
31.72
27.88
30.50
29.78
28.43
32.57
27.95
29.71
31.82
30.91
31.39
27.57
30.25
29.87
30.98
31.48
30.00
25.49
29.51
33.24
30.45
28.99
32.07
32.07
32.72
28.72
29.05
34.33
29.57
33.30
32.53
29.24
32.37
30.62
30.21
28.45
30.16
28.85
28.38
29.45
31.05
35.33
33.23
28.65
28.44
25.45
31.97
32.18
28.64
30.55
28.15
28.00
30.86
28.29
34.84
28.19
29.65
29.96
29.13
25.14
30.74
30.56
32.04
32.16
28.75
29.73
28.56
33.27
28.49
35.10
27.82
33.62
30.13
33.81
30.07
29.29
32.18
28.13
30.38
26.55
31.83
29.51
32.35
35.04
30.36
26.37
27.34
28.03
31.28
29.29
29.65
30.59
31.84
28.47
31.45
25.31
30.68
33.06
31.76
29.27
28.30
30.02
33.14
30.28
31.16
29.26
29.37
31.62
29.31
29.82
30.65
30.64
29.17
27.42
31.90
30.57
28.35
28.84
26.15
28.58
32.29
31.96
28.02
31.62
28.62
30.97
28.43
31.70
33.80
29.85
30.95
27.54
30.11
27.14
25.91
31.10
31.97
30.80
31.54
31.79
30.06
28.45
33.21
25.87
29.46
26.28
32.05
28.88
32.17
28.81
28.16
25.73
27.39
30.97
27.65
27.43
29.16
29.20
30.36
30.01
32.69
30.77
28.51
32.74
30.62
28.88
33.23
30.36
30.07
28.75
32.12
29.71
30.46
29.20
30.54
32.86
29.33
32.43
31.40
28.34
29.87
29.18
32.24
27.60
28.25
27.43
32.39
30.60
27.57
25.48
28.84
28.35
28.59
31.40
30.65
29.66
31.19
32.03
27.67
30.54
31.10
31.76
25.72
28.44
33.43
32.35
28.61
28.54
30.95
31.82
25.77
27.12
30.15
27.94
28.15
31.91
31.82
31.88
29.98
29.02
28.70
28.41
32.39
28.95
31.04
27.93
30.35
31.94
27.79
29.18
27.55
34.31
30.72
29.62
32.18
30.18
28.06
28.31
31.01
29.75
28.66
30.65
33.88
29.99
28.46
33.66
31.23
27.69
35.20
28.71
31.61
31.16
31.80
32.96
30.13
30.56
32.03
33.91
29.38
30.10
29.18
29.63
32.63
29.05
32.60
31.82
32.81
29.82
31.45
29.77
29.08
28.78
30.05
27.88
29.35
32.13
29.75
32.09
34.12
30.21
27.68
31.86
31.08
35.77
28.96
31.06
26.52
29.24
30.44
30.98
32.19
32.64
29.46
29.47
28.66
29.52
31.48
30.47
30.54
30.91
32.09
27.90
33.53
29.43
27.90
27.19
30.11
33.09
31.15
30.76
27.42
27.32
28.88
29.18
32.42
31.22
29.30
27.51
29.96
33.28
29.26
28.67
28.86
35.29
27.21
30.39
27.97
25.46
30.46
33.58
34.30
29.10
30.38
30.43
27.95
27.39
32.01
28.68
28.88
31.55
28.22
30.70
25.83
32.26
32.75
28.25
28.65
30.18
29.41
31.76
31.41
31.67
29.73
31.19
29.19
27.92
30.92
28.93
31.11
30.58
28.26
30.80
30.29
31.38
32.57
29.69
29.22
30.39
29.13
32.03
29.41
27.59
28.41
30.33
30.66
29.66
30.32
29.98
27.44
30.11
26.77
32.06
28.92
31.47
28.44
32.86
28.96
30.73
31.04
30.21
32.17
31.44
34.00
27.07
31.80
31.81
32.77
30.59
31.68
28.52
33.12
26.56
29.35
29.16
35.52
32.39
32.33
30.80
28.95
28.10
29.01
24.40
32.05
30.16
31.41
27.33
28.84
31.53
27.86
29.03
30.31
28.78
27.79
28.27
31.20
28.51
29.39
28.76
31.11
29.22
28.54
31.15
33.90
28.85
31.34
31.65
30.10
31.61
24.89
28.08
25.54
32.84
31.75
31.89
28.44
29.74
30.09
30.29
25.66
28.84
28.89
26.60
28.24
29.58
31.48
28.23
28.90
30.84
31.65
31.34
31.43
31.45
29.71
29.00
31.80
30.57
28.00
29.30
27.48
29.52
30.94
33.75
30.61
31.36
30.72
31.25
31.12
28.83
29.10
31.24
30.32
32.27
28.54
31.47
28.33
31.55
28.48
31.92
30.23
31.27
29.25
26.01
28.52
28.58
29.68
32.21
31.74
28.50
30.06
29.92
29.59
28.89
35.36
28.90
28.00
27.86
28.99
30.47
30.47
32.21
30.50
32.49
33.09
28.34
28.02
30.29
31.04
30.57
27.29
30.75
30.60
33.14
26.37
29.63
31.54
33.79
31.42
29.26
31.61
27.66
31.23
30.52
28.42
26.86
29.49
29.49
28.89
27.86
32.91
29.58
31.64
29.16
31.04
29.46
30.23
30.94
29.61
30.74
31.95
28.55
33.04
29.91
27.57
31.47
35.02
28.48
26.85
29.55
33.02
31.14
30.82
32.96
30.46
31.15
31.98
32.15
29.69
26.02
27.28
31.08
28.71
28.43
25.84
31.43
31.98
28.62
28.83
27.22
27.95
27.68
30.69
31.94
30.10
29.73
29.92
30.14
31.23
28.26
25.72
28.72
31.16
29.37
25.01
25.96
31.99
24.44
33.01
26.55
28.82
29.02
30.41
30.25
29.64
30.53
28.67
30.98
29.94
32.16
29.68
26.85
29.56
28.02
29.31
30.35
28.95
29.04
28.88
29.93
33.04
28.41
32.08
29.24
34.17
30.71
33.13
31.55
31.05
29.51
32.35
32.83
31.40
32.15
30.82
27.61
34.29
29.63
28.86
31.15
29.02
29.35
30.98
25.60
28.84
27.47
29.39
28.61
33.08
30.74
31.35
27.08
28.46
28.89
28.85
30.34
29.44
31.15
26.59
31.58
31.80
30.51
29.95
29.07
29.63
28.89
30.93
26.16
27.53
33.50
28.37
30.66
31.99
26.26
32.27
30.94
30.27
30.45
31.78
31.43
32.57
26.41
32.08
30.36
28.16
31.71
31.04
35.13
30.09
30.40
31.56
29.85
31.59
29.28
24.77
29.59
30.71
31.15
28.32
31.17
29.56
27.24
30.15
27.59
31.64
31.39
30.05
27.31
29.68
27.78
31.06
30.31
30.51
28.61
31.98
29.11
27.98
31.12
28.11
33.18
33.60
32.36
31.00
34.22
29.75
30.84
29.32
30.64
30.53
32.77
31.56
30.70
30.26
33.07
28.99
32.66
32.00
33.38
31.89
29.54
30.18
31.33
29.48
32.05
30.08
33.57
35.27
28.44
29.34
28.83
29.53
29.37
29.38
29.21
29.53
29.73
31.16
30.22
30.52
27.19
31.32
27.83
31.57
32.32
29.25
29.55
30.95
30.07
33.97
28.69
30.70
28.28
34.24
31.41
30.41
30.80
28.05
31.06
28.05
28.33
31.27
29.31
29.72
27.32
30.33
31.06
29.77
32.07
31.45
28.02
26.79
29.90
33.61
29.32
27.91
33.34
33.49
28.92
31.24
31.71
28.30
30.54
31.30
29.43
29.58
27.68
33.02
30.19
30.08
26.53
31.85
28.80
30.96
26.27
31.03
32.43
29.78
31.25
32.14
29.74
30.50
28.71
32.37
32.25
29.27
31.23
30.59
27.86
29.50
28.36
29.61
30.19
26.52
27.10
28.18
29.48
30.92
29.67
31.18
33.43
27.64
31.62
30.33
25.39
30.80
28.81
32.05
32.93
30.35
30.64
27.17
31.66
31.34
32.62
31.43
29.04
31.06
30.87
28.63
26.53
30.82
29.73
28.27
28.91
31.21
28.12
26.00
25.13
31.06
27.58
28.24
29.72
30.39
25.52
27.05
31.28
28.36
30.52
29.20
30.72
28.43
29.90
30.04
30.27
31.41
29.09
29.73
31.72
28.99
27.91
30.83
31.66
29.60
30.42
28.08
26.36
33.42
26.87
29.71
31.53
28.39
29.20
27.87
27.76
31.56
32.55
30.52
32.13
30.50
29.84
28.76
32.25
29.88
31.54
32.11
29.62
31.32
29.05
29.64
30.79
29.76
28.00
29.71
26.45
30.67
26.51
29.79
30.08
32.81
31.82
30.90
30.10
30.99
31.43
27.32
28.47
26.24
28.89
32.42
23.85
29.45
31.72
30.86
32.45
30.24
30.59
31.58
28.65
31.69
30.50
29.32
30.72
29.88
29.80
28.42
33.48
29.58
30.89
29.64
29.20
29.12
29.31
31.49
31.38
31.86
31.58
28.80
27.89
26.94
32.97
27.33
30.81
30.16
28.36
31.79
29.01
28.81
25.68
28.64
25.43
32.56
32.30
29.51
25.57
32.13
28.49
29.77
28.26
29.84
28.63
30.59
30.68
30.32
28.00
27.56
28.20
31.40
29.63
25.23
30.52
32.20
30.80
29.54
33.86
27.36
29.17
29.80
31.62
27.74
27.82
29.41
31.02
29.03
30.11
28.00
28.98
28.98
29.76
28.26
31.45
28.62
29.92
28.83
28.91
33.53
32.42
29.39
31.36
31.29
31.76
29.96
28.88
27.66
31.22
30.25
30.02
34.57
32.31
31.12
28.75
29.24
26.53
31.31
31.18
30.90
28.23
28.06
27.40
31.10
29.62
31.30
29.47
32.18
29.15
29.41
32.43
29.59
34.80
26.71
29.27
30.24
26.96
30.55
30.27
28.78
31.32
28.60
29.39
30.72
29.99
30.06
29.40
27.01
29.69
30.29
27.86
29.39
28.15
31.30
29.03
30.36
31.06
25.61
25.32
30.39
30.91
29.92
28.70
26.71
29.81
34.85
31.32
31.27
30.38
30.37
29.61
29.99
31.68
30.20
32.52
32.04
27.99
33.22
31.68
30.01
25.90
27.15
28.11
28.37
32.37
33.55
29.85
29.49
32.03
27.51
30.94
33.04
29.23
31.56
29.28
29.93
25.64
30.11
32.58
32.36
30.40
33.42
31.27
28.62
32.28
28.49
29.93
29.56
28.87
31.42
30.81
28.72
30.94
28.58
33.62
32.50
32.11
30.54
27.64
28.19
29.03
29.47
28.66
32.12
29.10
35.44
28.84
28.86
30.56
27.96
29.70
26.78
28.59
27.81
30.95
28.63
30.75
26.48
28.96
30.24
29.32
27.12
30.08
28.94
30.59
31.51
31.59
31.89
31.73
31.89
31.29
28.95
26.05
31.92
32.90
32.11
30.70
28.67
28.93
31.16
31.51
27.49
30.38
30.65
30.03
27.42
26.57
28.83
30.97
29.18
29.28
28.32
27.90
30.96
29.56
31.35
27.96
29.20
27.69
32.09
33.21
30.17
32.26
30.11
26.50
28.59
34.66
28.58
27.51
33.68
30.24
29.96
30.66
30.18
26.32
34.10
32.58
30.03
29.63
29.88
29.09
33.02
29.59
30.47
26.39
30.11
28.46
32.06
30.12
33.36
26.22
27.49
30.18
27.63
30.89
33.16
29.13
28.55
30.11
27.74
30.70
29.73
29.70
31.94
30.61
33.87
29.72
29.42
29.63
30.56
27.80
29.92
31.23
32.73
28.38
27.35
32.40
32.80
30.01
33.41
30.62
31.24
30.51
29.26
26.42
30.14
32.32
30.23
30.19
30.27
29.16
29.87
29.75
29.43
32.83
31.72
30.20
28.70
30.41
29.36
33.77
31.41
28.10
31.69
29.42
33.04
31.05
27.30
26.27
34.01
31.35
28.00
25.68
30.06
30.86
32.92
30.04
30.45
27.95
32.41
30.49
33.04
30.87
29.75
29.40
29.55
30.31
30.73
31.80
27.13
26.57
32.02
32.48
30.39
29.02
29.81
27.52
30.71
30.30
28.40
27.10
30.04
29.21
33.55
29.26
29.24
29.71
31.08
28.94
29.43
28.30
32.21
33.00
30.82
30.71
34.02
30.35
27.84
28.89
28.79
33.27
30.90
27.72
28.39
29.39
30.43
31.87
29.89
26.17
29.72
29.73
32.17
25.74
29.39
29.53
33.54
32.12
28.66
32.33
29.01
30.64
31.09
30.72
28.14
25.66
30.33
28.18
31.53
29.84
31.39
29.01
30.01
28.59
30.32
30.12
29.67
31.68
32.77
30.08
31.55
29.62
28.66
29.58
31.79
33.57
29.53
30.09
29.08
31.22
33.59
27.45
31.13
32.56
28.88
30.16
30.56
29.00
30.99
32.25
31.85
25.83
31.97
30.25
30.13
29.71
29.50
34.76
32.47
27.25
29.35
27.96
30.91
28.47
26.31
28.16
33.09
30.04
31.78
29.48
29.76
33.52
28.23
28.85
30.21
33.59
28.73
31.53
30.09
29.61
30.97
29.62
23.96
30.44
30.43
32.10
34.18
30.77
31.21
29.13
28.50
30.47
33.82
32.16
29.82
30.89
30.29
29.78
31.08
30.52
30.55
29.59
32.46
30.68
29.95
28.53
29.89
28.17
30.45
29.34
28.96
28.85
28.48
31.52
30.98
30.94
31.94
29.44
30.83
30.21
30.59
26.30
29.02
28.18
30.83
33.98
36.03
31.03
28.08
31.22
29.76
30.85
30.16
32.17
30.21
27.96
32.35
26.48
30.20
28.70
33.03
30.07
30.76
28.06
30.23
30.38
30.89
29.10
30.10
31.73
32.37
29.55
30.96
31.94
29.33
30.51
24.78
30.22
28.40
31.11
29.38
28.76
29.21
28.77
29.08
28.47
28.00
31.53
29.20
27.54
30.32
32.90
26.73
35.61
27.72
32.84
29.62
33.14
30.50
26.75
30.56
30.12
25.73
32.39
31.57
30.83
30.39
30.13
29.11
27.61
28.88
25.13
28.31
30.93
28.99
31.48
27.74
27.47
27.01
29.50
30.35
26.95
29.85
30.94
28.06
30.85
29.58
27.29
29.13
27.28
33.85
30.64
30.47
28.32
32.27
24.37
30.05
30.61
31.08
30.16
29.71
29.20
31.83
28.99
30.60
29.83
32.72
29.42
29.02
29.01
33.70
30.01
29.04
28.76
33.35
31.09
28.96
27.47
30.42
32.23
26.40
33.21
28.42
28.87
30.74
29.97
27.35
31.08
30.04
30.22
29.11
28.69
29.12
27.12
32.41
29.91
30.84
30.17
33.23
30.36
33.83
28.68
27.42
29.37
29.58
30.31
28.19
30.38
32.12
32.56
31.33
27.67
31.39
31.51
30.90
29.84
32.29
31.77
30.58
32.21
26.63
35.50
28.43
31.51
27.84
29.16
28.86
28.14
29.98
30.25
30.09
28.95
32.67
28.94
31.10
30.46
32.12
30.00
32.83
31.77
32.56
29.76
29.41
32.16
31.43
33.72
30.29
29.22
31.39
28.42
29.56
33.26
30.60
27.72
27.91
29.56
27.98
27.64
28.06
27.59
31.98
27.82
29.71
31.60
29.00
26.67
32.89
29.92
31.28
31.84
29.27
27.34
29.46
30.68
29.49
30.40
30.74
29.62
31.37
29.62
29.10
27.28
29.48
31.23
28.99
31.77
29.86
32.35
30.74
29.47
32.52
27.78
26.52
30.36
29.37
29.11
27.75
33.59
32.37
29.67
29.49
29.36
32.29
26.74
31.59
29.39
32.62
31.60
30.93
32.25
28.93
29.72
30.38
30.89
29.56
26.41
30.13
27.93
28.98
31.82
29.96
27.63
31.13
29.17
31.64
29.87
26.16
34.17
34.22
28.23
31.47
29.04
30.15
31.57
33.32
29.36
33.90
26.77
29.05
29.50
29.79
30.14
29.21
31.55
27.11
31.85
33.86
29.36
30.75
29.57
26.50
29.17
29.37
28.22
30.33
29.54
27.82
29.27
31.82
32.08
33.77
30.63
30.81
31.40
31.51
27.78
26.96
33.44
31.01
29.76
25.96
31.12
29.42
27.60
28.85
25.91
27.17
28.95
28.29
28.51
28.94
33.12
28.70
27.20
32.79
30.20
27.01
29.81
28.10
31.30
31.25
31.18
31.46
25.94
27.49
28.88
30.38
30.99
26.66
29.43
29.70
27.38
30.25
33.79
28.33
31.93
29.70
28.66
32.26
29.03
27.18
29.05
28.98
27.13
28.38
28.27
29.12
30.19
30.60
32.52
29.37
30.32
28.13
28.13
30.42
27.73
28.29
31.46
29.47
31.04
29.39
31.51
27.31
27.28
30.07
27.03
26.49
30.80
32.26
29.12
28.54
30.23
31.64
32.43
30.09
27.77
28.63
33.06
29.69
26.69
30.08
27.39
31.36
29.88
33.19
26.13
28.18
27.80
29.74
29.79
28.23
30.11
27.47
31.55
30.66
32.48
34.28
28.95
30.18
31.19
27.31
30.30
32.16
29.51
30.54
28.62
33.29
32.86
29.27
32.10
33.26
33.18
31.62
29.66
30.39
29.33
27.43
29.01
28.31
32.59
30.82
31.43
29.99
29.57
28.57
30.32
29.31
30.07
29.10
30.04
29.42
29.76
27.00
25.55
28.47
34.52
30.79
29.67
30.65
28.84
29.85
26.92
31.31
33.14
34.22
31.31
29.32
29.21
30.91
24.99
29.56
27.34
30.16
30.82
29.07
27.81
29.36
28.77
29.24
29.24
31.67
32.07
31.42
26.91
31.74
30.12
27.59
26.31
27.92
32.92
29.78
28.41
32.76
32.87
29.06
33.41
29.29
31.98
29.84
29.26
31.35
28.61
30.85
30.47
33.52
27.91
26.92
29.72
26.23
30.20
28.95
28.70
31.11
29.79
31.67
26.45
33.79
34.49
30.82
31.25
30.97
32.46
28.61
31.43
30.19
30.98
28.30
28.47
27.92
25.83
31.32
31.63
27.11
27.86
31.02
31.80
29.78
33.89
29.97
31.09
31.95
30.68
32.33
30.70
27.07
34.31
31.63
29.15
32.71
30.19
28.91
31.46
31.55
29.50
26.27
26.98
29.81
34.33
30.08
30.96
29.36
30.92
28.74
31.39
31.78
30.25
27.89
30.57
29.69
28.87
25.74
29.53
31.53
28.89
29.28
29.22
29.84
29.68
30.10
29.06
30.75
29.70
31.43
29.93
29.77
28.73
30.99
28.42
32.89
32.16
26.45
31.22
27.27
30.67
28.81
28.29
32.62
33.17
25.25
29.53
30.22
27.08
29.44
31.01
30.93
26.33
30.21
32.02
33.24
26.51
28.03
28.35
32.42
31.69
29.31
31.86
26.65
30.71
28.74
29.31
27.41
28.72
33.11
31.17
31.40
28.90
28.44
33.75
30.48
28.94
27.00
27.03
25.81
29.57
32.19
32.55
35.17
32.87
28.74
28.35
27.05
29.78
31.47
29.40
26.47
31.48
29.78
31.65
32.15
31.23
33.37
28.45
32.21
29.99
29.42
30.58
26.22
29.48
26.97
30.93
33.72
32.74
31.69
29.87
27.22
31.67
29.78
28.39
31.83
28.22
28.73
29.50
27.99
30.37
31.07
31.12
30.83
29.29
26.05
32.68
32.02
26.27
32.82
31.62
29.49
29.03
32.51
30.98
27.48
29.09
29.56
31.69
30.45
28.69
29.98
32.00
28.66
27.03
27.64
30.37
32.11
25.18
29.31
29.17
28.25
31.93
31.03
30.05
29.05
28.16
27.28
26.68
30.44
29.63
30.75
26.95
33.46
28.83
29.85
30.41
30.91
28.75
30.74
31.83
30.70
30.27
30.89
31.83
26.57
31.43
29.68
33.02
28.54
33.96
28.47
30.26
32.04
26.97
31.31
26.68
29.95
28.43
29.24
30.76
29.49
30.39
30.23
29.82
29.54
32.96
32.40
31.77
29.86
29.64
31.10
30.56
28.94
28.07
33.30
34.85
29.02
30.13
29.19
31.21
32.61
28.57
30.03
31.19
30.82
31.17
33.43
34.01
28.17
30.92
31.65
29.07
31.67
28.94
29.40
32.87
28.13
30.07
29.76
29.01
30.17
29.20
28.32
31.81
29.81
28.43
33.04
31.49
27.75
33.62
29.38
30.61
32.46
31.19
32.02
29.08
27.77
27.00
31.29
27.08
27.99
29.42
27.97
29.36
30.72
35.67
26.74
29.65
30.55
28.05
30.98
26.85
29.24
34.44
29.85
33.35
29.96
32.45
31.63
29.00
27.79
29.63
27.90
28.61
29.14
32.38
29.90
27.21
29.74
31.00
32.97
31.80
27.41
30.90
30.92
28.23
28.77
27.32
30.95
33.07
26.63
33.57
25.81
31.53
29.41
30.28
30.03
30.70
29.23
29.30
29.43
31.39
30.76
30.74
31.95
29.38
29.20
34.75
29.95
29.28
30.43
28.41
31.70
28.63
30.09
28.86
30.79
31.48
29.28
30.55
28.64
30.60
30.74
29.08
32.90
31.20
31.19
30.87
29.28
30.91
30.38
29.40
29.60
30.73
29.71
30.53
33.75
29.83
28.98
28.61
31.04
33.82
31.66
31.45
27.51
29.71
32.47
32.82
31.86
30.43
30.75
28.06
27.21
27.77
27.87
30.13
26.67
29.76
33.55
33.07
27.37
30.14
30.77
30.77
28.99
27.64
27.45
28.71
23.37
28.69
31.18
30.02
29.44
33.22
33.04
27.86
32.79
28.16
29.73
35.37
28.79
32.19
32.11
27.55
30.25
27.00
32.18
28.07
27.17
26.70
28.33
28.78
29.53
31.57
30.52
32.18
28.25
27.38
29.84
25.93
30.44
28.97
31.33
26.05
31.91
33.51
30.55
27.49
30.29
34.32
32.32
27.19
30.81
26.74
31.73
31.65
33.32
31.15
29.32
28.83
31.78
30.09
31.26
30.32
29.85
31.41
27.75
31.75
28.31
29.69
30.37
30.68
30.72
30.18
30.20
28.99
33.36
31.12
30.07
31.37
28.76
31.57
32.78
30.95
28.91
27.99
32.26
28.99
29.16
27.10
31.27
33.55
29.87
31.52
27.57
28.18
29.75
27.30
25.57
28.96
31.55
28.56
30.85
29.44
28.06
32.33
28.46
31.03
30.16
27.83
31.39
31.06
32.08
29.15
27.94
30.03
31.22
28.55
28.27
28.78
29.18
31.98
31.08
31.49
29.52
25.86
29.13
28.09
29.25
31.51
30.98
30.67
32.22
29.64
35.46
30.86
31.02
30.27
30.50
30.96
27.80
30.57
30.74
30.52
28.99
30.57
31.03
32.59
28.51
28.42
31.12
31.35
30.50
30.06
27.43
31.39
30.81
30.34
28.10
27.10
30.03
29.76
27.08
29.06
30.07
30.99
31.50
27.18
30.31
31.29
28.92
30.05
29.74
29.75
33.32
32.50
28.96
29.00
30.85
33.60
35.78
26.47
32.41
29.49
33.30
32.55
27.26
30.53
29.22
29.42
29.43
33.51
33.18
31.16
26.30
30.69
28.27
28.48
28.06
32.89
28.67
31.25
27.14
28.22
28.71
30.04
29.88
25.80
28.05
28.47
31.42
28.16
30.35
30.93
31.98
28.31
30.62
28.19
29.36
28.83
29.69
30.35
34.33
26.12
29.30
28.93
31.60
31.20
28.23
28.80
26.38
30.23
32.20
25.97
31.54
27.30
27.21
22.95
29.81
31.25
28.29
28.06
30.43
31.19
29.12
35.69
27.82
28.77
30.36
30.89
27.98
30.95
33.38
30.66
30.38
30.28
29.74
29.43
28.23
31.60
33.07
25.10
32.68
28.63
31.91
31.71
30.15
29.92
32.42
29.92
30.98
33.96
30.99
31.68
33.14
30.85
32.98
28.28
29.43
29.42
31.88
27.27
32.71
33.18
31.15
34.05
27.39
30.06
29.48
26.23
29.18
28.23
27.92
28.31
30.34
27.70
29.12
31.08
31.78
31.18
29.04
28.08
30.85
29.87
31.55
30.73
30.31
30.65
29.39
26.30
29.46
31.51
31.50
30.34
27.47
29.19
30.44
31.84
30.02
32.27
28.80
27.13
29.02
31.70
30.60
31.76
32.32
30.09
27.54
32.31
32.72
30.35
28.83
30.17
31.90
31.77
29.46
29.86
28.98
31.47
31.37
28.62
27.37
31.29
30.00
30.15
26.58
30.09
36.25
30.60
26.52
31.10
30.67
30.04
32.83
32.12
31.82
28.93
29.67
30.90
28.67
28.98
32.39
27.17
28.86
31.05
29.12
28.30
31.50
29.15
28.34
31.34
27.52
27.74
32.69
31.16
29.73
29.78
24.16
28.89
32.62
30.53
27.62
29.62
31.09
29.36
30.15
27.34
32.87
30.14
30.54
31.96
31.10
30.46
32.69
29.40
30.87
29.93
30.21
30.59
31.41
31.29
28.36
29.02
31.53
27.33
28.60
31.89
30.96
28.23
34.17
27.79
30.61
30.43
34.30
28.31
30.49
26.66
29.21
30.82
29.82
27.50
29.33
26.17
30.39
29.91
32.19
29.59
30.73
31.82
31.60
32.56
29.25
29.54
29.79
28.19
29.35
32.68
30.71
32.73
31.57
26.26
32.21
29.68
28.14
29.64
31.64
33.13
30.74
30.81
25.72
31.47
31.03
28.94
31.18
31.52
30.71
32.20
30.51
28.77
28.08
29.22
29.57
27.78
29.82
27.62
26.10
25.38
29.90
34.50
31.85
27.65
31.49
29.96
31.78
29.23
28.61
32.34
30.12
29.27
31.60
31.74
31.20
29.92
24.54
29.63
29.94
31.50
28.13
25.31
28.63
27.50
30.54
26.20
33.46
26.12
29.80
30.24
28.15
31.73
30.12
29.96
29.09
28.67
26.03
30.60
27.39
29.89
30.13
29.03
28.35
31.13
27.30
32.72
27.98
29.95
30.07
32.03
30.58
29.20
28.46
29.85
29.95
28.96
26.16
28.75
32.14
28.95
32.73
32.03
29.07
24.94
28.76
32.50
32.11
31.36
26.76
29.81
29.57
27.76
29.46
32.20
27.82
32.56
32.43
26.55
28.24
31.55
27.30
29.42
28.20
28.73
30.63
33.18
27.93
30.55
30.64
28.65
27.80
28.78
30.61
26.86
29.48
31.37
30.89
29.77
33.37
27.34
29.33
28.84
33.85
30.55
29.62
29.50
33.33
28.68
31.40
31.30
29.40
31.79
30.05
27.46
29.33
29.31
29.96
26.33
30.79
27.80
31.32
33.72
29.82
29.06
31.23
28.94
31.91
30.12
29.04
29.54
33.16
32.37
32.44
28.21
28.66
27.13
28.71
29.13
29.86
28.60
31.11
30.72
29.70
33.42
31.12
28.26
26.77
32.72
29.93
31.11
29.46
29.43
29.30
29.87
29.23
33.80
30.98
29.41
31.86
31.05
30.00
27.63
27.61
29.76
31.75
32.62
31.38
30.17
30.25
29.88
29.45
31.55
31.36
28.94
34.06
33.52
31.17
29.23
32.80
29.71
28.88
30.10
28.21
30.81
29.84
31.00
28.28
27.20
30.44
29.82
33.25
29.32
30.30
28.63
28.18
32.77
30.11
27.42
25.30
28.79
29.35
28.36
29.68
31.43
28.41
28.95
26.76
29.96
29.91
29.77
33.16
31.87
31.96
30.89
30.82
28.36
27.83
30.74
29.99
29.52
27.88
31.36
29.37
31.51
31.49
24.14
26.03
27.66
32.77
33.42
26.58
29.61
31.30
32.95
30.79
29.95
31.23
32.32
32.07
30.13
32.22
32.15
30.11
31.99
32.06
29.88
29.55
29.15
26.84
30.49
26.72
27.58
29.25
28.50
29.29
26.95
30.62
31.20
31.38
30.23
29.93
29.45
31.04
30.71
26.19
29.27
29.72
27.83
33.64
30.10
30.80
29.89
31.20
28.95
25.10
29.17
29.64
29.49
30.91
30.50
33.16
32.27
31.32
28.05
32.48
31.22
33.11
32.02
32.05
30.44
30.68
32.72
29.52
31.79
30.21
28.20
29.33
29.56
32.73
28.19
32.13
26.77
29.69
32.09
30.85
25.62
26.16
29.77
28.42
31.56
31.67
27.87
31.14
30.57
29.53
28.93
28.56
30.60
25.92
31.32
30.13
30.06
31.20
29.64
28.60
31.65
30.81
28.20
32.33
31.88
25.41
27.93
27.89
27.04
28.07
32.87
28.19
32.78
25.93
32.95
28.60
30.19
32.76
29.36
33.22
28.71
27.30
29.25
26.85
29.93
31.01
32.66
32.55
29.19
32.47
28.49
31.21
31.58
30.06
28.47
33.02
30.99
27.21
33.49
33.52
30.60
29.34
29.68
29.95
26.93
31.28
29.33
31.75
30.68
27.64
29.32
29.84
30.38
30.62
29.95
31.06
32.52
26.89
32.16
30.29
31.23
27.66
29.60
31.07
31.13
29.38
26.03
27.37
27.84
28.46
32.29
29.90
33.57
29.43
29.40
28.54
31.27
30.52
27.39
30.43
32.75
26.04
31.37
26.74
33.31
33.33
30.45
30.82
28.51
30.14
30.97
31.66
29.65
30.20
29.62
28.37
28.18
28.89
27.92
27.91
30.28
28.21
30.40
28.34
32.38
30.44
29.88
34.27
25.83
30.46
27.25
31.65
30.71
26.73
29.39
32.17
29.03
29.61
27.82
30.67
28.55
28.77
31.44
29.98
30.26
29.50
28.16
29.81
31.18
28.71
35.95
25.52
34.30
32.71
28.58
28.61
30.65
32.31
31.03
31.64
30.41
31.30
31.05
30.04
30.79
26.66
31.85
27.39
28.61
28.54
29.81
29.18
32.74
33.90
31.34
28.69
28.11
28.70
27.81
29.85
31.30
32.18
33.17
30.45
30.78
29.73
29.85
28.64
29.08
27.61
32.27
30.01
32.53
30.44
29.72
29.39
28.71
29.81
29.13
28.95
30.13
28.98
33.76
31.19
29.42
30.63
30.96
29.03
30.29
30.15
30.60
26.77
32.16
31.41
31.77
30.39
27.34
31.15
28.82
27.32
30.63
28.92
30.65
30.62
29.24
32.69
32.27
29.61
29.07
29.98
30.67
31.23
31.23
27.11
27.16
32.53
31.71
30.82
28.82
27.86
31.45
32.32
26.06
30.97
32.37
31.34
32.79
29.15
35.41
27.83
27.90
32.46
34.02
24.44
31.46
28.95
29.37
29.02
28.12
28.62
29.63
29.09
31.69
26.07
33.06
31.31
30.45
25.33
28.69
29.95
28.75
30.49
29.34
32.15
30.96
29.31
31.77
30.97
32.27
31.37
29.29
30.38
30.37
30.06
30.97
28.49
35.62
27.76
26.43
31.50
27.54
28.73
33.09
28.77
28.72
31.87
31.92
28.77
29.33
29.10
29.02
29.05
30.95
28.20
28.66
30.30
28.00
31.55
27.55
28.90
30.60
30.05
26.57
29.37
26.77
29.14
30.53
32.44
33.62
33.36
29.38
31.37
31.66
33.60
30.84
27.13
29.02
29.33
32.99
30.76
29.55
28.85
32.12
30.39
35.82
28.74
28.41
34.61
27.18
31.31
29.95
29.52
31.11
30.72
29.41
28.09
26.47
30.67
30.52
30.72
29.40
32.21
29.35
29.60
34.41
27.60
31.77
29.30
31.61
28.94
33.14
33.18
33.60
30.60
34.17
31.06
30.69
28.11
28.64
29.88
29.90
32.98
27.52
32.31
29.88
32.65
30.92
32.31
30.99
28.53
31.87
28.29
34.99
30.67
28.69
29.61
31.38
30.75
31.72
31.13
25.96
30.89
28.83
29.13
28.59
29.51
26.57
28.89
30.66
29.25
30.76
28.69
33.24
28.49
32.85
34.69
26.29
31.01
30.71
24.89
28.96
25.06
30.17
33.02
26.68
29.39
30.74
33.16
31.78
32.53
29.86
32.74
28.67
30.74
30.55
29.21
32.12
28.94
28.86
29.67
28.77
28.34
29.33
29.30
33.12
35.98
29.81
27.92
31.39
28.23
28.19
27.03
30.52
32.14
33.02
24.63
31.15
31.37
29.40
31.32
28.49
29.75
29.22
29.55
32.49
32.40
28.43
28.16
31.47
33.31
29.45
31.10
26.86
29.25
33.44
28.44
31.57
29.04
34.60
29.14
32.36
28.93
32.17
30.50
28.45
29.45
29.56
31.13
27.84
27.59
27.39
30.34
33.38
30.72
28.94
29.18
31.60
28.25
33.63
31.16
28.62
32.25
31.26
31.48
28.07
30.05
32.51
34.05
29.03
31.05
31.17
31.90
28.11
26.80
30.31
31.12
30.48
30.27
31.18
28.85
26.55
28.52
31.11
30.51
27.25
31.54
34.61
28.99
27.95
31.12
30.85
30.23
27.97
26.18
29.56
31.77
28.84
30.79
30.97
29.93
32.33
26.40
31.35
26.81
29.25
29.75
28.05
28.14
33.44
31.83
26.51
34.06
28.44
34.02
29.55
31.74
30.22
27.97
31.42
28.25
33.38
30.63
29.89
33.95
31.51
28.09
30.54
27.57
28.99
29.03
30.36
27.21
33.85
29.79
35.07
29.23
33.20
32.37
34.54
31.39
26.86
29.86
29.29
28.97
26.99
31.96
30.15
31.03
30.19
31.74
31.54
32.40
28.86
32.06
26.94
28.93
33.58
27.38
27.63
26.59
31.81
32.90
30.37
30.75
28.76
30.65
27.36
33.74
27.76
30.42
30.84
32.32
28.68
30.09
26.37
33.79
28.05
30.19
33.01
33.44
28.01
30.14
29.98
27.32
27.58
29.70
27.15
29.90
29.06
35.60
29.84
29.96
29.32
30.17
25.35
28.22
27.29
29.87
31.54
29.99
29.56
29.92
31.95
32.60
30.11
26.73
27.49
28.72
27.26
27.32
28.74
31.82
26.77
33.12
28.54
33.00
31.15
28.75
30.13
28.86
28.25
31.43
30.52
29.38
31.22
31.23
29.11
30.88
27.88
28.02
33.37
28.97
29.48
26.59
29.20
30.21
29.10
28.02
27.47
29.28
30.93
30.83
29.01
29.91
31.43
31.71
28.51
28.82
30.46
30.87
30.60
32.08
27.66
28.75
29.63
28.29
30.64
27.96
28.06
31.00
31.71
29.19
31.03
29.99
34.01
29.50
24.65
32.13
31.88
30.60
33.60
32.25
30.73
29.79
30.58
30.73
28.89
29.73
31.59
27.77
30.40
30.21
28.60
31.20
29.37
31.08
29.00
28.67
30.24
26.95
28.55
28.55
30.76
33.10
32.25
29.77
29.21
29.58
29.42
30.48
28.23
28.74
27.81
29.39
30.54
31.15
28.29
29.45
27.77
34.22
31.15
26.73
26.48
30.45
30.88
29.13
30.71
31.01
32.93
30.62
31.07
29.56
31.26
25.66
30.17
30.91
30.22
29.09
29.86
29.15
30.00
27.39
32.55
28.91
30.73
29.56
28.89
30.97
29.27
33.78
33.55
25.04
32.66
30.79
26.46
29.44
31.00
29.73
31.39
30.20
28.27
31.53
30.74
28.90
31.85
30.37
30.12
30.39
28.07
30.12
25.36
29.52
30.69
30.62
28.28
29.07
28.78
31.94
28.88
30.91
31.22
30.91
31.76
30.92
27.65
29.15
30.44
33.07
28.85
28.75
33.80
29.70
28.72
32.02
34.80
33.07
30.81
31.45
27.09
30.68
34.68
30.76
28.58
27.07
29.44
31.98
30.63
27.91
30.60
31.06
30.99
35.21
29.93
30.77
34.06
28.78
31.18
30.91
33.40
30.86
30.26
29.89
30.80
32.47
30.52
30.43
30.44
30.67
30.83
31.06
32.96
30.19
31.36
27.71
29.28
32.02
24.18
29.24
30.35
28.70
30.95
28.29
26.80
32.93
31.53
30.33
32.40
30.31
30.28
30.80
28.09
30.52
28.32
30.40
30.87
34.03
25.93
31.84
30.70
29.16
33.73
27.27
30.30
28.75
31.85
30.49
27.70
28.74
30.50
27.57
29.91
28.86
31.99
31.98
31.11
32.19
26.94
31.18
28.06
30.02
28.96
28.58
29.29
29.86
28.37
25.77
30.04
34.91
28.67
30.41
31.72
25.76
31.29
32.01
30.18
30.74
33.21
27.41
28.01
31.86
27.62
30.14
26.47
33.69
28.65
31.05
32.73
29.50
27.94
29.88
27.25
32.44
29.18
32.87
29.15
29.86
32.30
28.76
30.77
34.35
31.72
27.20
31.16
30.78
29.69
29.24
32.83
29.25
29.25
29.58
28.22
33.47
27.16
29.80
32.67
29.78
28.98
28.64
29.10
27.08
30.97
31.58
26.59
28.85
29.06
33.81
28.87
27.12
27.74
28.17
27.55
30.92
28.72
26.57
29.71
30.11
32.73
28.79
28.18
30.07
29.60
27.72
31.17
26.82
28.33
31.99
27.85
29.38
27.14
27.47
28.23
31.41
30.27
30.40
31.62
29.47
27.28
29.24
32.49
28.61
32.13
33.62
30.88
30.73
33.80
28.87
30.68
32.77
29.83
29.15
28.77
31.05
29.65
30.98
32.69
31.59
34.51
32.09
31.96
30.07
29.84
27.98
29.13
31.34
34.05
28.91
29.09
28.69
30.07
29.78
34.08
31.11
32.09
31.02
28.41
31.63
31.51
32.29
29.99
32.15
29.18
32.67
29.75
27.35
30.96
29.85
32.35
29.13
29.32
28.36
30.09
34.50
29.75
30.14
29.66
32.05
29.64
30.20
29.93
30.21
32.47
29.95
28.35
31.89
28.58
30.13
31.44
29.32
27.87
31.34
27.33
27.09
30.14
30.42
31.55
31.65
31.10
33.61
25.48
32.26
28.64
31.74
29.30
31.26
29.58
28.84
28.30
28.97
33.20
25.66
28.45
30.94
28.82
30.74
29.80
33.82
29.81
29.33
32.90
30.06
34.98
31.24
30.94
28.38
31.54
28.41
27.62
32.67
28.02
30.32
27.63
31.01
30.86
29.25
28.43
33.86
27.94
27.97
28.95
28.27
28.14
27.14
34.29
28.23
26.93
30.09
27.80
32.29
30.49
32.40
31.00
33.73
26.01
30.79
29.86
32.08
27.47
31.86
31.96
31.22
29.59
31.33
32.32
28.49
30.60
32.19
30.47
27.63
30.22
29.23
30.09
29.30
28.71
30.33
30.08
31.53
30.47
32.25
31.74
32.74
27.38
31.38
30.82
26.92
29.99
29.66
31.34
29.16
27.45
32.29
31.22
28.49
31.02
31.74
28.68
31.54
33.57
28.95
31.94
27.63
26.81
29.01
26.82
29.72
26.04
33.44
28.20
28.63
26.75
29.60
32.78
31.09
24.17
31.05
28.98
29.42
29.48
30.20
29.20
28.53
28.94
29.60
32.43
28.46
30.02
27.33
28.03
29.78
28.56
29.22
29.83
29.45
33.26
31.07
30.06
30.20
27.23
28.81
31.17
26.55
32.35
28.13
28.87
29.85
29.47
27.82
28.59
26.45
30.30
32.69
32.35
30.11
29.17
33.39
31.58
29.40
29.08
26.53
25.88
27.99
26.81
31.56
32.29
32.15
28.02
30.46
31.07
26.45
29.21
28.55
30.50
28.77
27.50
27.64
30.94
29.87
25.80
28.68
28.88
29.46
31.60
33.70
26.88
28.03
28.97
27.17
31.03
32.24
27.58
30.54
28.71
28.02
30.43
31.73
27.23
27.40
30.51
27.40
28.20
30.98
33.25
29.97
31.82
28.63
30.48
27.91
30.71
27.35
28.65
29.65
30.27
28.64
27.42
28.33
30.11
26.56
32.92
29.49
32.78
31.75
30.78
28.25
31.82
29.65
31.52
32.27
26.79
31.49
28.57
31.84
28.51
32.72
28.68
30.43
29.30
32.31
29.89
32.19
31.22
26.81
28.26
27.59
30.76
31.08
30.66
27.59
32.91
32.46
29.33
29.07
31.53
30.19
31.50
30.88
31.19
29.28
33.11
29.61
30.87
28.45
28.01
28.68
29.14
30.04
30.57
27.26
30.29
32.37
29.89
34.03
28.35
30.38
27.82
27.36
26.01
31.10
31.91
28.31
28.22
29.26
26.20
26.78
29.88
33.14
30.03
28.68
29.59
34.55
29.88
28.84
31.41
30.83
32.24
31.53
30.62
28.92
29.58
27.72
30.44
30.36
32.27
30.85
27.71
31.90
27.64
29.55
31.43
27.73
32.76
30.23
29.67
29.62
30.44
30.76
31.11
28.98
32.96
25.97
34.06
26.62
28.90
28.45
30.98
31.21
27.00
29.75
34.17
35.36
27.89
30.60
25.51
28.61
25.67
32.29
29.75
28.89
31.27
31.44
29.74
32.18
30.35
29.13
30.43
33.97
31.94
28.92
27.40
29.26
33.58
28.54
25.93
31.61
29.71
29.90
31.88
25.54
32.98
31.05
30.80
31.28
30.20
27.26
29.43
27.48
31.24
31.06
32.40
30.32
28.86
31.78
30.06
30.70
29.26
28.26
28.91
29.65
29.26
29.88
28.65
32.82
26.08
27.39
29.45
28.02
31.73
29.63
27.78
27.22
31.67
31.24
33.21
28.30
26.98
31.48
28.62
27.90
28.07
30.36
29.65
30.66
27.97
29.70
27.88
27.70
28.13
29.53
32.36
27.89
26.53
33.41
29.35
29.58
30.12
29.17
30.38
31.92
31.32
29.21
30.16
31.51
29.68
29.50
28.51
30.77
26.57
29.26
29.18
29.51
33.12
34.33
30.50
29.30
25.53
32.91
30.25
34.28
28.50
30.11
33.23
28.69
29.86
26.97
24.55
27.68
26.86
32.04
33.35
30.33
26.14
27.36
29.50
27.40
29.97
28.94
30.85
29.03
32.13
28.69
27.01
30.22
31.65
29.29
28.36
30.79
33.20
29.09
30.03
30.71
27.29
30.56
29.32
32.35
28.22
28.99
32.08
28.12
30.29
34.19
28.33
28.72
26.64
29.80
30.11
28.92
26.87
26.61
26.93
28.30
28.70
31.08
29.14
34.78
29.34
27.60
31.74
30.73
27.46
29.23
30.27
28.18
28.43
29.82
32.45
32.18
31.42
27.88
28.61
31.65
28.40
28.79
24.63
27.27
31.99
28.77
27.30
29.36
27.89
36.69
30.65
31.89
30.60
29.80
31.95
27.03
33.01
29.60
27.14
30.85
25.93
33.36
25.67
29.36
28.70
28.70
31.06
31.88
27.69
27.17
29.70
32.54
28.54
31.02
30.29
31.07
29.40
31.69
31.64
33.29
29.69
32.38
30.48
29.91
29.40
31.15
30.52
28.01
26.42
26.61
31.97
29.04
31.49
32.81
32.12
25.14
27.64
32.19
28.22
32.06
31.64
28.82
28.81
29.55
31.33
31.02
30.86
33.80
32.86
28.93
27.34
27.77
31.50
32.14
30.05
30.57
25.79
28.36
30.72
30.19
29.89
26.90
30.79
27.78
27.76
30.17
31.59
27.88
30.79
31.50
31.11
29.05
31.34
27.21
31.55
34.13
29.47
29.03
29.41
33.25
30.60
30.93
29.23
31.47
28.10
31.19
29.90
26.13
32.16
29.84
28.19
27.50
27.66
30.99
30.43
30.12
31.99
28.92
27.88
28.54
31.33
29.48
27.53
26.23
28.94
27.83
32.96
33.59
28.44
28.40
31.06
28.00
30.80
27.48
27.46
28.56
29.26
30.65
29.36
30.53
23.79
29.51
32.08
33.35
28.90
29.86
29.37
29.34
31.41
27.14
30.19
28.91
26.86
29.43
31.16
28.04
26.90
31.66
31.63
30.00
28.68
28.36
27.58
29.83
28.73
27.41
25.48
33.16
30.51
33.78
29.32
30.60
32.66
32.45
30.66
32.33
29.20
32.89
31.48
29.25
31.49
29.85
28.48
31.37
29.60
32.97
27.72
29.02
29.51
27.98
31.93
28.98
28.57
29.17
29.08
29.82
30.05
26.62
31.23
27.03
25.70
31.02
28.05
28.40
29.89
29.59
30.87
28.16
29.87
29.22
27.86
29.00
31.02
30.88
31.74
28.90
30.73
30.66
29.65
27.83
29.98
28.88
30.35
28.23
31.43
29.32
29.65
27.82
29.08
31.58
30.37
28.70
25.16
27.82
26.05
32.38
30.63
31.88
30.97
25.92
26.27
27.42
28.99
29.87
32.01
25.41
28.02
29.39
29.99
32.56
30.10
32.23
27.47
31.26
31.47
31.50
29.95
29.97
31.18
30.01
33.03
32.23
29.19
28.08
24.63
32.85
29.11
26.39
32.98
29.78
31.07
31.58
29.41
27.79
32.25
30.01
26.63
27.26
30.44
30.97
29.53
31.61
25.70
27.34
28.69
30.56
27.90
33.29
29.20
33.47
28.72
28.75
30.55
27.50
28.98
30.05
30.19
33.45
33.86
32.21
32.24
28.59
32.77
31.40
27.25
28.23
27.21
23.72
30.25
26.47
28.49
31.47
31.42
30.07
31.61
28.90
30.32
33.39
24.62
31.84
24.43
28.25
31.19
27.30
34.19
28.72
30.22
31.78
36.45
29.20
30.28
28.58
29.72
29.34
31.53
29.78
29.71
29.19
32.09
29.57
32.40
30.47
27.26
26.22
33.05
32.39
29.55
25.69
31.02
33.02
33.78
28.53
28.41
29.73
28.80
32.53
27.15
27.82
27.85
28.45
27.51
31.03
30.60
32.32
30.52
29.87
28.90
31.37
26.52
32.46
30.19
33.34
31.21
30.47
30.42
30.77
33.11
30.85
30.34
32.33
30.83
28.90
32.38
29.56
31.79
28.46
31.27
28.42
31.74
33.10
33.06
26.40
26.78
28.49
31.33
29.94
29.62
25.44
30.85
30.39
29.69
29.50
28.74
30.86
28.02
29.67
32.69
29.68
29.78
30.86
31.52
27.57
29.73
32.33
28.81
30.21
31.89
30.40
30.85
28.18
29.20
26.45
27.06
35.15
31.14
27.42
26.50
31.69
29.53
31.33
27.21
31.23
32.18
30.67
30.96
31.61
29.98
32.85
29.30
32.20
30.90
30.62
30.53
30.67
32.21
31.61
30.87
25.96
28.65
29.54
32.35
30.98
28.70
30.77
27.37
28.99
26.28
29.85
29.54
28.23
30.72
31.32
30.40
31.67
28.16
29.85
32.65
27.66
30.88
27.76
31.88
29.29
32.74
24.48
30.19
31.57
28.37
30.16
31.64
32.00
30.31
28.57
29.45
27.43
28.15
29.86
31.67
34.39
33.49
28.85
30.05
31.01
31.49
27.21
28.74
32.17
31.18
27.38
30.45
30.52
28.32
27.75
30.58
31.60
30.44
31.60
28.06
28.97
31.51
32.43
30.59
36.19
26.97
31.91
26.41
29.41
31.57
32.10
29.62
28.30
30.26
26.79
26.36
28.30
29.15
32.58
32.04
24.05
30.38
26.36
28.03
28.17
27.50
28.80
31.15
29.24
31.36
28.63
31.17
27.97
29.00
27.58
29.88
29.56
30.77
28.22
29.92
31.02
34.09
31.71
31.72
30.16
31.28
30.43
29.17
29.74
28.18
31.32
29.32
29.26
28.52
31.99
28.34
30.77
29.87
27.28
29.25
31.42
30.75
26.66
30.57
29.30
28.14
28.89
32.59
26.63
31.26
28.00
36.28
29.58
29.11
32.34
30.20
28.53
28.48
25.34
29.47
31.78
28.43
33.35
29.96
29.14
30.81
33.59
28.99
30.29
29.95
28.27
29.81
31.83
26.89
32.95
33.41
27.94
29.65
28.37
33.75
28.05
28.61
30.18
32.88
32.59
26.54
30.79
26.98
30.82
29.15
30.05
28.79
30.36
31.58
30.36
28.22
30.52
33.30
29.50
31.19
31.62
29.06
28.60
29.68
27.71
29.90
29.28
30.45
25.75
32.69
28.23
27.35
29.25
29.97
30.94
30.67
30.39
34.51
30.72
30.44
29.99
27.27
29.68
31.82
30.67
30.87
26.25
30.37
33.05
30.86
33.87
32.01
31.14
34.82
29.35
29.98
31.00
26.42
28.46
30.64
29.52
28.88
29.89
31.98
26.31
29.23
31.49
27.96
31.68
30.21
25.61
31.79
26.36
33.06
31.70
25.90
32.10
31.85
30.19
32.13
25.50
26.39
31.83
32.47
31.55
30.09
30.23
29.33
26.13
30.95
33.75
34.15
32.70
28.80
27.92
30.76
27.83
32.91
32.16
30.33
31.47
32.28
29.82
31.79
29.37
28.45
29.41
28.80
31.15
28.68
25.03
27.03
29.90
31.32
28.70
27.33
29.13
32.50
30.05
28.42
32.90
25.71
29.45
32.21
27.91
28.80
31.94
30.60
27.50
34.94
31.03
27.39
26.64
32.96
31.19
31.14
30.97
30.95
29.41
30.17
27.60
28.31
26.60
31.18
31.71
28.06
34.12
29.70
28.69
30.15
31.29
29.68
27.96
27.11
30.62
28.58
29.26
28.13
32.07
34.18
32.04
29.09
27.66
26.48
27.48
29.29
27.85
29.70
32.91
30.34
30.81
30.55
28.20
30.28
33.97
27.63
30.42
29.32
29.15
26.75
31.02
29.20
30.35
31.62
27.79
32.73
30.15
28.94
30.43
26.97
27.54
29.82
32.72
30.63
28.64
30.86
32.58
30.76
33.57
27.50
32.81
27.73
29.07
30.63
30.78
29.52
31.03
31.97
30.37
28.87
28.03
29.07
28.34
30.11
30.27
33.82
29.66
27.55
29.01
31.45
28.75
27.50
28.34
27.12
29.28
31.22
24.28
30.45
32.49
28.64
28.73
29.34
30.49
27.72
30.23
30.13
29.84
32.92
31.85
30.31
32.12
29.98
27.96
26.52
29.83
28.36
31.11
31.44
30.63
31.45
26.02
29.81
29.53
26.60
31.56
28.70
31.17
31.21
28.38
26.38
27.79
30.72
30.20
31.70
29.87
31.01
26.36
30.95
31.30
24.47
27.03
29.09
27.87
29.07
31.63
30.01
30.68
30.88
26.99
26.37
28.68
29.83
29.77
31.83
27.72
30.83
29.54
28.92
27.63
25.64
28.04
31.07
31.89
30.38
30.45
32.21
31.83
27.47
31.86
26.89
29.76
26.63
29.99
31.48
29.95
27.10
29.36
30.53
34.11
32.88
33.02
32.91
31.07
28.60
30.01
29.57
29.89
32.21
30.17
30.83
29.92
28.73
27.98
36.13
30.59
29.78
29.34
30.18
31.92
29.30
30.02
27.15
26.82
26.96
29.26
31.42
30.16
31.75
32.22
28.11
30.24
29.92
32.47
29.61
30.99
28.72
31.47
30.12
31.53
30.55
29.65
31.00
31.36
27.58
30.15
29.53
31.32
28.60
32.37
29.79
31.22
27.79
31.80
24.34
31.78
29.31
26.80
30.41
31.03
30.06
27.13
30.70
33.41
30.41
31.06
32.00
27.71
32.22
31.41
30.44
29.96
30.55
32.00
33.55
29.63
28.98
31.93
28.27
29.32
34.25
24.86
27.15
28.32
31.37
28.87
26.01
30.94
28.23
31.41
29.80
28.31
29.88
32.11
29.38
31.23
30.82
28.89
31.64
28.36
29.22
33.40
30.37
25.01
30.00
31.39
33.43
27.82
28.78
31.28
32.21
35.03
26.32
30.27
31.90
32.44
28.34
31.99
32.62
31.37
30.51
29.68
27.17
31.12
27.26
27.25
29.93
31.72
27.49
30.85
26.18
30.20
33.58
31.09
32.13
27.23
29.56
32.02
30.53
31.42
31.38
29.03
24.63
28.86
29.97
27.89
30.94
27.57
27.65
29.49
29.51
32.23
26.35
29.23
33.40
30.59
31.87
28.90
27.60
28.99
27.27
34.36
31.60
30.07
31.38
28.05
29.02
29.72
34.52
29.01
34.01
33.44
30.81
29.75
31.32
28.21
28.57
29.66
26.57
27.61
29.80
29.41
31.76
28.30
34.03
32.63
31.78
31.07
31.44
29.65
29.03
29.18
30.19
31.67
28.25
30.82
27.17
31.14
31.42
28.91
28.41
28.35
29.47
29.00
30.81
32.14
28.02
30.48
28.62
30.35
32.00
28.74
33.90
29.01
27.38
29.97
28.52
28.89
29.00
27.77
30.86
28.04
32.17
30.64
28.90
30.18
33.67
31.43
32.28
29.90
28.63
30.57
29.41
30.26
29.55
27.63
31.12
29.62
28.79
27.32
27.49
31.89
29.03
28.78
32.32
29.30
28.55
31.23
34.01
25.59
29.48
28.79
29.82
31.03
27.65
27.71
30.08
29.00
32.69
30.70
29.78
28.58
28.83
31.56
29.65
27.92
30.89
28.31
28.77
29.23
29.07
30.07
32.27
29.54
27.41
26.43
28.59
25.10
30.70
29.65
31.25
29.75
35.74
32.71
30.93
35.19
26.31
28.92
28.15
32.19
28.83
28.82
31.24
28.56
31.77
31.91
29.61
30.38
29.82
29.35
26.97
28.50
31.17
31.26
29.13
28.59
31.17
29.34
31.63
29.38
30.84
31.30
28.55
30.39
28.55
26.38
29.00
32.41
31.94
30.58
30.37
32.09
30.33
28.77
30.41
34.39
28.81
29.60
30.01
26.48
29.22
31.79
31.54
32.43
32.44
28.36
31.36
32.78
29.89
29.73
30.87
29.18
28.52
30.97
30.29
27.47
34.36
30.22
31.67
34.73
26.69
27.75
29.04
27.77
32.80
30.49
29.44
30.16
29.55
30.10
31.44
33.95
30.94
31.64
33.09
28.31
30.87
27.95
26.27
33.54
32.50
29.97
30.17
30.50
29.29
27.52
32.23
29.15
25.79
27.21
28.35
34.67
28.26
28.69
30.68
29.04
29.82
25.60
30.36
31.12
28.86
28.84
31.89
31.05
27.00
25.56
33.35
29.27
31.29
30.41
27.89
28.98
29.69
29.79
29.37
31.40
31.70
27.94
26.94
33.80
30.03
26.81
26.76
31.75
25.04
28.99
33.03
27.28
29.76
28.07
30.39
32.48
29.72
29.86
25.83
32.03
28.00
30.44
32.72
26.25
31.18
30.92
29.85
27.52
31.01
30.94
32.72
27.19
28.76
33.94
30.40
27.63
31.30
32.85
30.92
27.06
31.65
30.16
30.47
30.78
28.70
30.36
28.20
31.47
29.13
28.79
26.94
30.67
27.89
30.62
30.55
34.43
27.22
28.73
31.07
30.36
28.52
29.82
29.40
30.03
30.15
31.61
28.79
33.66
29.74
31.41
30.97
31.91
24.45
31.79
28.23
28.00
30.33
25.46
28.68
30.92
27.33
28.45
29.78
29.34
29.67
27.94
27.52
28.13
27.57
30.34
29.45
29.33
31.63
26.51
24.61
30.49
31.18
31.44
27.34
33.94
30.38
29.35
28.09
30.45
29.88
31.69
30.07
29.43
27.13
29.76
29.66
29.35
31.83
30.76
31.12
31.90
26.72
28.73
27.25
29.96
31.13
31.91
27.47
29.07
27.82
31.08
29.02
32.07
31.55
32.22
30.47
28.51
30.25
28.55
31.97
28.04
26.98
32.58
28.50
31.78
32.17
27.55
29.69
27.24
30.33
23.66
30.87
29.18
30.95
32.46
29.66
28.84
29.48
29.54
29.96
29.57
29.88
31.56
30.32
29.49
30.66
29.32
29.53
26.86
31.67
28.16
27.91
32.26
30.59
29.07
32.82
29.75
29.68
27.79
29.54
31.20
32.39
27.55
29.42
27.82
31.21
29.07
28.15
30.02
30.12
29.24
30.82
32.43
27.50
32.71
27.60
30.59
33.87
29.61
29.71
28.66
30.07
32.76
30.77
28.77
29.52
31.63
29.20
29.90
31.06
28.88
31.35
30.47
30.06
32.09
30.56
28.08
29.28
29.17
30.64
28.71
33.09
28.61
30.99
29.98
27.80
30.48
30.01
27.81
27.13
26.94
32.60
32.02
30.87
32.10
32.60
26.26
27.69
32.19
29.00
29.69
27.30
30.40
30.24
28.85
29.59
31.01
31.66
28.43
27.76
29.58
30.75
28.55
29.38
28.56
31.59
32.10
29.72
30.91
29.36
30.65
34.11
31.19
30.69
32.69
27.82
32.97
29.02
26.71
31.15
29.82
25.78
29.54
31.90
31.85
29.97
31.16
28.83
33.41
34.91
27.46
27.22
30.45
28.31
30.92
31.78
32.21
31.87
30.59
29.31
30.49
28.41
31.22
32.23
29.71
30.08
28.20
29.83
33.64
30.47
30.85
30.84
29.07
28.99
32.92
32.80
29.93
30.83
27.52
28.24
29.56
29.43
33.41
32.07
30.30
28.00
26.58
29.99
33.30
26.90
28.53
28.47
31.99
28.02
29.96
29.67
32.52
30.55
27.80
30.16
25.65
30.30
30.31
30.38
32.03
28.20
29.27
30.04
28.95
28.48
29.27
27.27
31.01
32.56
30.29
32.57
33.71
29.87
31.77
27.72
31.15
27.48
28.20
26.82
28.91
31.72
31.33
29.64
29.83
32.77
30.85
30.15
29.85
28.58
29.86
32.74
27.08
30.72
29.53
32.16
29.41
29.09
30.39
28.79
31.63
30.23
28.62
33.25
35.16
28.73
28.35
29.53
31.09
28.41
29.72
29.17
32.02
28.89
29.97
33.74
30.83
28.68
31.66
30.02
26.65
29.06
31.01
31.18
26.91
30.48
28.37
31.29
28.45
29.56
29.58
28.52
29.63
31.50
27.03
28.08
28.09
29.90
27.11
29.25
30.86
28.71
31.04
27.97
30.72
34.66
29.73
29.80
31.18
32.38
29.76
31.62
27.26
29.11
31.95
28.47
29.62
32.76
30.32
31.36
30.16
29.67
29.23
28.42
33.64
32.41
27.25
31.05
27.71
27.11
27.08
29.81
28.61
27.60
32.83
32.66
25.69
28.60
28.83
29.33
28.52
27.75
33.35
29.26
30.00
29.96
32.94
30.34
29.95
31.09
33.08
30.14
29.05
27.62
29.79
32.01
28.98
33.10
31.31
30.92
29.40
33.38
30.87
29.21
30.36
32.66
30.91
27.30
30.48
30.21
28.67
32.49
29.74
29.60
29.10
30.47
30.61
26.61
30.18
28.13
28.64
28.88
34.35
28.35
29.31
22.65
30.65
29.78
29.98
30.08
29.03
32.18
27.65
31.69
30.46
30.15
28.56
32.62
26.93
27.59
34.03
29.31
27.62
29.09
29.87
29.88
29.53
27.22
31.51
25.55
30.67
29.06
30.46
29.63
30.21
29.15
28.23
30.68
31.48
29.85
32.69
31.47
31.51
26.85
28.32
29.96
31.10
29.90
28.38
30.16
29.04
33.00
27.28
34.03
29.61
33.67
30.39
31.10
32.53
29.41
30.04
29.53
28.16
31.48
30.39
28.49
29.13
34.38
33.30
29.19
28.50
27.69
29.73
29.19
28.13
31.69
30.79
28.42
30.13
31.97
30.98
28.99
30.59
28.96
30.02
31.64
30.85
32.38
30.34
28.39
31.30
31.21
29.66
29.91
29.38
29.57
29.64
29.29
30.11
32.38
26.26
29.47
31.54
30.91
28.97
27.43
28.86
29.37
29.95
26.83
30.88
31.92
31.25
31.63
26.69
31.06
28.58
28.83
30.96
28.91
30.64
26.92
28.58
31.31
29.70
30.91
28.53
29.67
29.29
31.16
30.41
32.02
30.28
30.06
30.03
31.42
30.80
30.83
30.53
28.71
30.80
27.24
26.67
33.73
29.92
34.05
28.08
30.05
34.04
30.86
30.03
31.60
34.11
25.81
27.83
30.00
30.73
31.98
28.83
29.59
29.12
29.23
26.86
27.36
29.29
30.63
29.19
26.64
28.02
29.81
31.42
32.81
30.69
30.09
29.08
28.50
28.08
31.61
28.31
33.30
30.95
33.38
30.14
30.86
27.36
30.67
29.15
31.43
31.45
29.70
32.13
29.83
30.48
30.78
29.86
30.05
31.20
30.73
32.27
31.60
30.07
31.83
32.63
26.83
28.82
26.91
28.56
31.41
31.26
29.38
32.84
32.00
28.32
31.22
30.65
33.59
28.20
33.16
29.60
31.10
31.43
28.55
27.98
34.24
28.24
31.44
28.43
30.57
29.25
29.19
30.62
34.82
30.28
32.43
32.18
28.03
27.97
30.70
28.16
33.33
30.66
30.52
32.68
31.34
29.39
28.64
29.89
27.53
32.43
27.94
31.94
29.28
29.57
28.45
32.47
28.84
31.67
29.59
26.32
28.65
30.51
27.30
29.23
31.96
34.59
29.99
29.47
31.50
31.96
28.46
29.51
33.50
29.04
25.77
31.46
26.93
25.53
32.46
31.73
28.88
27.67
28.09
27.26
29.62
32.63
29.39
33.85
29.70
28.00
33.60
32.18
30.26
31.46
30.23
27.88
29.93
26.48
28.75
33.87
29.56
28.05
31.05
26.01
29.02
29.57
30.80
31.47
29.40
29.96
31.09
31.73
28.46
32.06
30.58
26.38
35.91
28.67
26.96
28.20
31.63
23.16
31.36
29.84
32.48
31.37
32.12
32.38
29.69
32.07
27.96
29.58
31.96
33.01
28.32
32.11
30.40
32.26
31.40
29.24
34.79
28.51
28.64
29.00
28.94
30.51
29.74
27.63
28.03
30.97
32.83
28.48
29.84
31.97
28.41
30.09
28.63
27.50
32.70
30.36
32.66
27.52
29.82
32.76
26.36
29.05
28.74
31.02
30.61
30.93
28.87
28.90
31.01
31.24
31.46
28.63
34.41
29.60
26.30
29.49
26.15
30.52
29.14
32.76
29.24
29.14
32.64
34.12
28.57
30.44
30.57
31.23
27.39
31.60
29.60
32.45
29.52
30.50
30.65
26.80
25.58
30.40
31.30
27.46
32.68
30.67
31.11
31.03
30.13
29.92
30.71
30.19
30.52
26.58
31.51
30.18
32.14
29.12
25.39
26.54
27.99
28.77
31.73
29.15
27.04
28.80
26.73
31.97
29.81
30.03
30.11
31.11
30.28
30.71
29.11
28.30
26.40
29.88
27.28
27.45
28.06
29.09
28.58
30.37
31.62
31.98
30.64
27.79
29.65
31.06
30.18
26.94
27.36
28.09
32.16
30.76
30.74
31.59
30.41
29.34
31.41
30.96
31.63
27.44
31.23
27.75
28.66
30.30
31.34
30.15
30.69
26.53
29.94
29.06
29.48
32.64
30.25
29.32
27.97
28.45
30.50
28.42
27.79
30.41
26.58
32.18
30.86
29.00
27.39
30.97
33.32
35.53
29.08
29.93
30.43
31.20
30.92
30.00
30.64
30.88
26.47
32.29
34.16
32.06
29.16
29.66
26.99
27.09
31.18
33.76
26.82
31.09
29.24
31.64
29.27
34.65
29.71
28.28
28.48
30.90
32.76
28.28
27.53
33.49
29.32
32.51
26.94
29.40
31.21
28.35
35.21
32.69
31.77
30.27
27.63
30.90
32.82
25.75
31.05
29.07
26.35
31.95
29.78
31.75
30.96
26.09
27.50
25.03
30.28
30.76
29.41
33.04
30.21
30.30
32.81
28.16
28.99
26.59
32.25
30.43
28.91
29.35
29.18
29.37
29.03
28.12
28.77
29.75
33.89
32.15
30.84
29.65
31.11
31.28
31.07
34.12
26.80
32.87
29.83
26.45
32.13
30.58
29.31
30.89
28.47
28.46
33.89
27.78
33.43
28.24
29.40
33.49
31.76
27.45
30.00
31.04
32.00
29.65
28.93
28.03
30.07
29.27
27.42
29.73
33.28
29.06
30.79
31.30
31.14
29.06
28.13
31.90
25.67
29.39
32.91
28.39
28.99
27.57
29.53
29.62
29.13
33.54
32.06
29.77
33.03
30.87
29.33
29.04
29.52
26.82
33.18
31.82
29.00
27.42
31.45
29.74
29.44
29.96
25.30
30.10
30.15
27.70
30.20
30.17
32.47
25.48
33.62
28.46
27.87
28.09
29.33
29.70
29.53
30.62
29.41
29.87
29.83
32.46
24.49
26.83
27.88
28.24
34.06
28.54
26.83
28.38
30.56
33.79
31.19
30.29
28.62
27.30
33.96
28.13
28.15
27.45
33.88
30.16
31.41
29.60
32.27
29.96
29.46
32.09
31.13
29.18
31.46
26.99
30.20
26.40
27.75
30.95
25.86
29.60
27.85
32.02
30.06
32.35
28.87
30.12
31.73
31.30
29.90
30.35
30.42
32.11
28.30
30.12
25.84
30.44
30.94
29.07
32.82
30.88
28.89
33.48
29.38
28.00
33.41
30.52
29.04
33.10
29.09
31.35
30.98
31.61
32.46
29.98
28.63
27.46
30.69
27.86
30.33
29.80
31.39
30.84
30.13
28.02
28.27
32.24
27.07
31.05
28.42
31.26
31.54
29.35
26.37
28.74
28.83
29.03
30.65
31.63
29.05
28.90
29.90
31.77
27.14
31.56
32.17
29.44
32.31
30.48
30.93
29.12
28.36
28.37
29.30
29.53
30.16
27.61
31.85
28.57
29.58
30.83
29.28
33.78
27.61
26.50
29.07
31.82
31.37
26.70
31.52
29.98
30.18
29.07
29.83
27.96
31.92
33.95
28.47
31.09
30.72
27.39
26.45
31.80
31.17
33.90
30.15
27.94
30.61
31.13
30.66
32.60
32.39
28.41
30.50
28.93
29.86
31.17
35.58
31.99
30.26
29.17
32.32
27.19
32.53
28.37
31.28
30.91
28.83
29.70
27.37
29.07
31.59
28.52
29.30
34.38
32.74
32.83
31.62
30.43
27.83
32.98
28.80
29.43
31.40
28.98
30.18
33.31
30.71
29.16
28.38
28.83
34.71
29.00
30.24
33.28
30.79
28.60
28.37
30.71
32.96
28.28
29.18
28.71
29.30
28.04
32.15
30.84
28.25
31.62
28.93
30.46
27.47
29.89
23.44
28.95
28.49
32.32
33.52
27.71
27.80
33.81
31.44
29.93
29.63
28.46
27.29
30.61
29.23
30.33
29.64
29.96
31.74
33.10
33.94
31.97
30.61
30.61
30.74
31.01
31.38
28.42
30.53
29.57
33.10
31.55
29.54
28.94
31.25
34.44
27.76
32.49
27.63
30.04
26.51
32.16
31.47
28.79
28.10
29.22
30.07
29.81
33.02
30.81
34.10
30.17
28.68
30.15
28.51
29.80
33.94
33.00
27.80
29.86
30.35
27.26
30.88
30.91
31.94
32.52
26.61
32.72
30.43
27.97
30.60
29.73
29.51
29.63
31.45
27.85
28.34
33.04
30.20
30.37
29.92
31.81
28.33
28.73
30.11
27.73
29.05
26.20
33.34
31.69
29.40
29.68
27.77
30.14
31.56
29.93
30.14
28.62
30.13
28.53
30.55
28.86
31.78
29.06
29.95
28.45
30.99
29.34
26.37
29.79
33.15
34.03
33.08
32.43
33.38
28.03
28.45
31.05
33.10
28.74
29.14
34.32
31.02
34.05
31.10
29.88
29.31
32.67
34.57
31.01
29.87
29.70
29.14
31.95
28.82
31.45
33.31
29.47
30.30
32.52
30.98
28.01
31.86
30.37
28.80
27.77
28.67
30.60
32.22
27.54
29.61
26.54
28.88
28.32
28.30
29.19
26.76
26.77
30.63
31.78
27.80
34.26
28.47
25.95
32.67
32.28
27.74
29.92
31.17
31.43
30.11
28.26
31.78
31.39
28.15
30.15
31.63
29.17
31.17
28.35
29.30
27.66
29.24
28.55
33.83
29.01
31.54
29.97
30.78
27.47
30.84
28.77
31.60
30.06
29.84
29.50
29.39
27.22
31.59
29.21
32.38
31.19
28.68
29.36
29.48
32.39
27.08
29.02
30.83
30.64
29.43
27.34
30.20
31.08
31.37
29.62
28.65
25.55
30.89
30.09
29.30
26.25
29.43
31.54
29.70
31.07
29.31
30.75
28.93
30.45
28.96
27.83
28.51
26.74
33.45
33.17
29.88
29.08
29.45
30.31
29.04
31.21
25.54
30.56
29.16
29.80
28.95
34.56
30.62
32.65
32.95
33.34
29.25
31.30
27.88
26.77
26.35
30.29
30.50
28.22
28.17
33.16
29.11
26.97
31.43
29.20
29.80
27.41
32.27
29.17
30.92
32.73
25.53
27.40
25.74
30.15
32.64
31.79
31.44
30.96
31.44
31.52
30.05
30.12
31.29
29.51
33.27
30.61
30.19
30.34
26.76
29.23
28.84
29.22
29.44
28.31
27.14
28.32
33.67
29.33
29.82
30.30
29.57
29.79
29.97
30.87
29.38
31.89
32.55
30.63
31.45
26.02
34.18
27.60
28.32
31.61
32.84
29.73
27.11
27.06
31.64
31.30
32.38
31.39
29.10
29.58
31.60
31.63
32.01
30.45
29.54
31.16
30.09
31.56
28.36
29.17
32.87
34.08
28.03
28.72
30.98
31.09
29.99
32.51
31.74
29.76
28.67
30.73
27.83
33.94
29.35
30.09
32.85
26.97
28.55
27.95
32.04
26.25
30.46
30.00
33.68
30.15
32.66
27.71
31.66
30.97
26.80
29.70
26.82
28.29
30.44
28.52
32.04
31.15
30.87
32.28
25.79
29.57
29.71
29.58
30.60
30.49
30.18
28.94
34.25
31.27
28.88
29.97
29.78
27.86
32.64
28.39
29.29
27.93
27.96
27.40
30.12
31.15
29.85
27.69
31.88
30.54
28.61
31.39
30.55
31.17
30.73
26.70
28.70
30.56
28.50
28.94
28.36
24.47
29.76
28.86
30.78
30.38
29.51
32.88
28.80
26.13
27.99
32.16
30.81
28.39
29.43
29.01
30.81
30.18
33.00
33.15
27.47
29.26
31.09
28.72
33.54
27.72
29.21
30.27
30.74
33.98
30.00
29.06
33.89
28.31
31.13
27.55
28.27
29.99
31.69
25.59
31.06
30.25
32.20
28.86
32.78
27.23
29.73
33.23
28.62
30.06
31.22
31.77
29.76
31.20
27.63
31.90
28.74
31.84
29.88
29.08
32.92
32.14
29.86
27.63
33.23
29.03
31.98
28.91
34.56
33.47
33.94
27.53
32.44
30.10
30.29
34.18
28.40
30.44
29.49
33.99
31.12
30.67
27.01
31.13
27.64
28.98
29.63
30.72
28.30
29.65
28.45
28.95
27.75
30.82
28.08
32.17
29.27
29.75
27.72
30.83
30.58
28.45
33.69
29.82
27.12
30.56
28.03
31.51
31.48
30.85
32.04
27.65
28.58
29.28
31.88
29.39
32.83
29.89
30.72
28.55
28.62
32.58
31.03
34.12
27.47
34.30
30.79
31.37
29.87
29.89
33.42
29.47
31.78
27.02
29.76
26.23
32.57
27.47
32.65
27.39
26.77
30.56
33.43
29.71
29.94
26.63
27.97
29.34
30.74
32.03
26.06
31.94
29.70
29.83
26.81
30.35
31.44
30.70
34.73
28.52
30.75
30.01
29.19
30.66
29.32
31.48
34.64
29.08
28.58
27.88
35.73
30.74
28.79
33.35
26.66
27.88
28.45
29.76
30.01
31.74
29.59
32.43
32.32
30.15
27.17
32.78
33.35
33.14
28.31
28.98
28.81
29.51
25.76
27.67
30.60
28.89
30.53
30.89
27.45
32.01
31.04
31.65
32.60
27.83
30.41
31.04
29.54
31.30
32.06
33.31
30.55
30.44
28.30
29.95
28.82
27.71
29.56
30.16
29.09
33.91
30.35
29.10
27.66
28.83
29.67
29.65
34.17
27.51
24.43
29.49
30.99
33.46
28.38
29.19
30.59
29.07
29.41
30.29
26.96
27.83
29.70
29.28
30.40
31.48
31.31
30.96
32.67
28.60
26.51
32.25
30.85
30.23
30.07
32.14
30.71
31.36
32.72
31.84
27.71
26.53
35.02
29.55
32.92
31.98
31.11
32.27
29.72
33.14
31.50
27.95
29.55
31.20
27.99
32.07
29.69
32.24
32.05
29.69
29.31
24.69
30.88
31.61
29.60
29.93
31.51
30.90
30.12
30.08
28.73
32.85
26.79
26.81
27.03
27.26
34.29
29.62
28.93
28.41
29.44
28.58
26.58
30.75
26.95
28.06
27.59
31.59
30.43
32.61
28.22
29.52
24.82
29.82
29.62
31.12
30.36
33.19
30.61
30.29
30.57
30.35
28.47
29.31
31.49
32.76
27.75
30.44
25.14
27.87
30.92
31.74
30.00
30.59
32.56
28.63
29.88
28.33
34.19
31.25
28.71
31.48
28.34
32.28
31.15
29.56
29.19
29.46
25.01
30.13
30.82
29.74
29.87
29.82
27.11
28.10
30.19
32.20
27.63
27.66
28.46
29.66
29.12
30.16
28.09
32.69
34.25
27.20
28.92
30.80
33.14
28.20
30.45
28.37
33.98
29.37
29.98
28.35
29.05
30.56
29.56
29.76
27.29
29.15
25.35
33.62
28.22
30.42
32.62
29.72
28.94
29.62
32.85
31.21
29.33
32.09
28.47
30.75
30.99
31.14
32.42
30.55
28.99
32.28
27.95
29.04
32.37
32.29
30.78
31.60
29.09
28.59
27.76
28.90
31.99
29.05
27.43
30.10
28.54
30.63
27.90
30.15
28.96
29.08
26.41
31.59
26.18
27.90
31.20
28.97
26.13
27.14
31.28
29.52
29.87
30.84
30.36
28.38
32.84
31.85
30.91
32.75
30.61
26.55
24.97
31.90
29.54
25.86
27.87
31.78
28.49
27.74
30.70
31.28
32.27
29.18
26.89
30.24
30.06
29.36
33.89
30.61
32.67
30.68
28.03
28.17
31.72
33.03
30.70
30.56
29.34
32.34
30.96
30.85
29.14
32.53
31.22
32.91
27.88
27.17
29.81
30.48
29.42
32.94
28.69
31.02
31.54
29.52
31.30
31.50
28.86
31.47
25.54
31.37
32.36
31.40
29.24
30.59
28.11
30.73
32.15
29.93
30.53
30.51
32.52
30.70
31.85
27.32
29.51
28.41
27.85
31.18
31.37
31.82
30.35
29.17
32.01
30.94
30.58
29.75
31.01
30.20
29.54
28.57
31.40
23.68
27.82
25.80
29.45
29.24
27.02
29.15
29.99
34.96
29.15
28.40
31.03
29.02
29.01
30.93
30.11
30.42
29.56
29.64
29.49
28.72
28.29
28.61
31.86
27.24
28.77
29.70
29.33
27.29
28.33
27.59
29.73
30.99
30.90
27.71
30.11
30.29
32.13
28.74
28.60
27.48
32.63
30.91
28.94
28.93
31.39
30.83
28.35
29.05
31.19
33.21
29.51
31.86
27.09
28.81
29.15
34.12
33.37
29.48
33.14
31.33
32.71
30.88
31.31
30.99
31.75
28.97
30.30
29.91
29.87
30.04
31.80
30.78
29.33
29.07
30.16
30.62
31.63
28.12
28.75
27.07
30.51
27.87
31.84
31.79
31.16
30.28
30.00
31.62
29.41
31.32
30.35
32.08
32.15
29.05
29.50
32.38
27.92
31.47
30.34
30.02
29.03
28.68
30.02
26.98
28.86
30.48
32.79
31.12
29.18
30.21
29.73
29.04
31.60
31.77
26.51
27.48
28.11
27.33
29.18
28.32
32.35
31.34
30.23
33.07
28.97
28.24
28.18
33.64
31.27
30.68
29.97
28.50
27.45
28.81
32.52
29.18
31.45
28.63
26.98
29.85
30.80
30.77
29.27
33.40
28.34
35.80
30.22
27.76
30.65
30.44
35.01
30.25
27.87
29.23
30.73
28.54
29.81
29.36
28.53
29.53
30.38
26.57
32.14
29.39
32.50
32.08
30.21
32.70
28.52
28.41
30.32
25.56
29.66
29.52
29.22
32.59
30.92
28.85
26.90
31.46
27.38
31.36
30.43
29.53
30.58
30.45
29.35
32.55
30.28
31.74
29.80
26.45
29.88
29.81
31.05
30.43
28.85
27.25
30.44
29.79
26.31
29.03
28.55
26.86
30.65
33.82
28.70
29.29
27.37
31.14
30.32
31.69
26.73
26.89
30.37
33.26
31.84
29.63
29.81
32.06
32.52
32.18
28.48
34.57
30.74
31.56
29.72
29.60
29.60
30.39
29.97
28.66
29.70
30.74
31.34
29.16
28.61
28.34
33.04
30.92
31.68
25.21
30.29
31.59
30.61
29.06
30.93
30.52
24.87
31.40
32.86
29.29
32.38
28.41
28.19
29.55
28.25
35.06
30.73
28.69
28.12
33.15
30.64
28.04
31.51
28.55
29.78
27.93
28.03
27.18
30.98
28.84
30.22
30.39
34.81
31.31
27.80
29.73
28.76
30.16
29.46
29.71
30.03
31.62
30.63
31.05
31.12
30.39
30.80
28.15
29.94
33.16
26.83
29.20
31.05
26.92
32.49
31.25
28.89
28.11
28.80
30.04
27.03
30.62
31.00
31.80
31.58
31.48
27.91
29.53
28.26
31.67
31.99
32.90
29.89
29.06
33.85
31.32
30.23
30.46
31.32
24.96
32.41
29.70
32.43
32.83
28.98
28.50
26.23
32.14
30.02
28.78
28.13
32.66
30.71
30.42
29.58
30.60
30.02
28.75
29.52
32.00
30.76
28.45
31.30
31.19
30.98
29.16
28.57
29.60
32.42
31.36
30.66
30.78
30.15
27.03
29.31
30.97
31.18
31.10
28.25
31.53
25.06
30.14
29.37
31.40
29.43
33.79
30.52
31.53
28.70
29.30
31.39
32.39
31.59
29.47
31.34
30.92
29.13
28.00
34.49
28.01
31.45
29.32
26.87
27.66
27.71
29.74
32.07
30.25
29.87
30.12
26.73
25.28
31.45
29.76
31.47
31.36
27.61
30.19
28.78
30.51
28.52
34.98
28.42
29.51
30.02
31.75
31.15
28.99
32.61
27.32
33.28
29.34
28.32
30.68
29.94
30.95
30.72
27.94
29.17
31.00
30.59
30.63
31.21
28.24
29.94
32.46
26.00
28.94
30.75
27.55
33.39
31.17
29.35
30.10
29.50
30.05
33.33
29.92
29.80
29.49
31.17
29.14
31.68
29.98
30.61
28.76
28.61
29.87
32.61
32.43
29.93
25.97
30.26
27.86
30.22
30.39
33.03
31.65
28.76
31.06
31.10
30.20
27.98
30.25
28.30
29.89
30.66
32.15
30.66
30.64
28.34
26.03
31.78
30.61
25.82
29.56
29.66
32.05
32.46
28.96
30.16
28.62
28.11
28.49
34.85
29.15
28.16
30.51
28.57
26.96
28.77
35.63
32.51
29.79
29.40
30.51
26.93
25.81
30.89
31.55
31.34
29.88
26.25
31.64
30.08
28.70
29.43
26.94
30.50
30.96
28.25
33.07
32.05
25.43
31.66
30.05
29.37
28.37
28.13
28.85
29.56
29.35
30.36
28.11
27.74
30.50
26.08
27.92
31.82
30.75
29.25
31.17
32.32
30.15
32.88
32.00
32.30
29.86
30.27
29.49
26.24
33.08
28.94
30.57
29.85
28.42
28.92
30.19
31.98
33.41
26.21
28.59
27.48
32.67
28.03
30.23
24.76
31.98
26.72
29.94
30.54
29.74
27.21
30.75
31.51
29.08
31.50
30.26
29.76
31.44
30.62
27.35
29.05
28.64
33.24
28.32
31.85
29.24
26.55
31.85
29.99
28.94
26.66
30.68
30.07
28.90
28.54
28.79
26.76
34.49
31.75
29.08
27.43
35.61
28.42
32.94
31.14
30.30
28.38
27.57
31.27
29.93
25.81
32.23
28.37
31.56
32.59
30.09
30.69
32.77
29.71
31.63
24.76
28.04
27.87
30.40
28.22
34.96
29.48
33.12
28.75
26.60
26.13
30.03
29.06
27.74
27.61
30.37
29.83
26.95
31.78
28.19
31.07
30.47
31.67
29.49
30.44
28.97
32.24
28.83
29.93
27.60
27.83
27.63
28.56
29.35
35.04
27.67
29.18
33.04
27.91
29.02
30.20
31.38
26.75
30.07
25.05
32.36
29.28
32.09
29.96
31.20
29.19
31.55
32.51
28.32
29.11
28.48
27.26
30.84
33.64
33.34
27.16
29.39
28.63
31.97
29.47
31.27
30.56
35.15
30.77
28.70
33.52
28.78
26.04
26.80
31.28
30.79
28.94
27.43
27.95
31.40
30.60
29.79
31.61
27.71
31.32
28.11
27.57
33.90
29.39
33.05
27.35
28.08
29.31
30.91
29.98
28.62
34.99
30.07
31.20
29.19
31.37
29.99
29.08
34.99
33.23
29.40
28.06
27.96
31.56
30.48
28.08
27.46
26.90
30.35
32.03
28.80
30.01
31.03
32.35
30.53
30.63
32.34
26.54
31.11
32.74
30.05
31.12
29.66
28.74
27.84
31.63
26.83
29.90
23.03
28.27
31.75
31.03
29.50
31.72
30.95
28.81
26.85
33.58
27.74
29.68
29.51
27.36
27.83
29.66
28.51
28.28
29.75
29.52
31.43
30.87
30.27
29.87
29.23
25.07
28.65
27.49
29.16
30.21
28.06
30.58
33.15
30.41
31.37
30.60
29.68
31.82
32.66
29.59
27.94
27.48
33.02
30.88
31.40
29.62
28.61
29.72
27.07
33.21
25.28
28.10
29.05
34.02
27.62
28.39
30.17
25.22
29.46
27.84
31.18
28.21
32.97
30.29
29.85
32.56
31.98
28.79
30.22
22.77
32.69
28.97
30.76
35.17
25.80
30.16
28.06
26.98
29.79
28.03
31.38
29.19
30.02
30.40
30.10
28.96
30.17
28.63
30.09
31.85
28.93
30.85
29.60
28.73
26.50
26.51
30.49
30.28
30.34
30.71
28.67
28.04
28.39
34.29
31.46
27.92
31.32
28.62
28.53
27.37
26.77
32.73
27.14
28.90
27.94
29.48
28.14
30.95
27.41
27.91
23.78
29.28
29.56
30.39
29.15
28.98
31.23
33.37
30.19
29.03
29.02
28.88
28.41
29.73
29.56
29.56
30.08
28.57
29.06
31.76
29.05
36.20
31.23
32.10
26.76
31.52
30.92
26.10
30.16
31.59
28.57
28.92
30.05
30.53
33.41
31.55
31.64
28.40
31.30
28.63
31.05
31.77
29.10
34.80
28.61
26.79
31.69
30.68
31.47
30.49
29.40
27.26
30.54
29.08
28.29
27.34
30.36
33.80
27.65
28.48
31.00
27.33
29.43
28.47
30.29
28.08
32.60
28.71
31.39
29.59
28.44
28.69
28.78
29.26
28.81
32.85
29.81
28.70
29.47
29.10
25.71
28.05
28.98
30.13
29.60
30.03
32.10
29.07
32.11
27.21
30.87
31.24
30.79
30.59
25.23
32.80
27.69
32.27
28.72
30.39
28.69
31.43
28.64
26.14
30.96
29.54
29.20
30.08
31.90
29.90
28.77
32.00
28.28
26.38
26.85
30.67
29.47
28.91
30.67
30.77
31.56
27.93
28.37
31.06
32.15
29.07
30.20
29.67
29.76
27.01
25.36
29.15
29.26
29.14
31.78
29.52
28.54
29.56
32.19
29.73
29.83
31.56
30.49
26.11
27.46
31.10
26.65
32.92
28.08
30.80
27.82
31.82
28.84
29.97
28.37
29.06
29.48
27.07
27.96
29.67
31.13
30.07
30.34
29.73
31.81
27.89
29.09
27.41
27.62
27.34
29.54
29.05
29.95
32.96
27.38
30.38
32.70
31.78
32.18
30.31
32.05
32.42
26.90
33.16
32.62
26.31
32.51
28.46
30.11
28.15
26.30
31.29
29.51
28.01
31.96
30.02
28.97
30.24
31.09
27.63
30.09
32.00
32.54
32.16
29.19
32.66
31.04
29.82
30.24
29.09
30.15
29.36
28.37
30.71
33.80
29.09
27.73
29.33
30.18
31.92
30.05
34.03
29.47
25.97
26.33
28.09
30.35
30.16
31.25
28.50
28.83
29.87
29.33
