 4.86
 5.37
 4.55
 4.05
 4.81
 5.84
 4.82
 5.03
 4.97
 4.37
 4.29
 5.56
 5.10
 4.47
 4.89
 4.83
 4.59
 5.12
 5.20
 5.51
 4.80
 5.82
 5.25
 5.11
 4.46
 4.45
 4.42
 5.35
 4.70
 4.68
 5.09
 4.27
 5.40
 5.75
 4.55
 5.08
 4.88
 4.48
 5.13
 5.59
 4.58
 4.20
 4.92
 5.27
 4.69
 5.67
 4.67
 4.34
 5.63
 4.72
 4.64
 5.11
 4.68
 4.82
 4.69
 5.55
 4.82
 4.48
 5.00
 5.19
 5.01
 5.44
 4.97
 5.59
 5.42
 4.41
 5.56
 5.07
 4.15
 4.65
 4.87
 4.43
 5.10
 4.23
 4.72
 4.37
 5.95
 4.84
 4.06
 5.12
 6.23
 4.88
 4.96
 5.18
 4.31
 4.27
 4.66
 4.74
 4.87
 4.98
 5.30
 6.02
 5.56
 4.93
 4.04
 4.39
 4.95
 4.52
 5.33
 4.63
