 4.80
 4.25
 5.69
 5.34
 5.33
 5.51
 5.01
 4.39
 4.95
 5.24
 4.63
 4.84
 5.10
 5.42
 4.78
 3.91
 5.60
 5.23
 5.22
 4.56
 5.05
 5.24
 3.96
 4.60
 5.00
 5.32
 4.91
 4.44
 5.84
 4.73
 4.39
 5.28
 4.23
 4.73
 4.52
 5.43
 4.90
 5.50
 5.28
 4.25
 4.86
 5.60
 4.78
 4.94
 4.61
 4.98
 4.76
 4.95
 5.42
 4.59
 4.12
 4.69
 4.85
 4.91
 4.20
 5.11
 5.36
 5.28
 6.00
 5.90
 5.08
 4.61
 5.17
 4.63
 4.12
 5.47
 5.03
 5.26
 4.89
 4.77
 4.80
 5.78
 4.59
 5.37
 5.11
 5.29
 5.98
 5.78
 5.46
 4.51
 4.89
 4.87
 5.73
 5.35
 5.55
 4.79
 5.20
 4.99
 4.73
 5.04
 4.86
 4.79
 4.72
 5.41
 4.52
 5.24
 5.02
 4.51
 5.30
 4.97
 5.86
 5.30
 4.95
 5.26
 6.15
 5.27
 5.77
 5.42
 4.43
 4.17
 5.87
 4.80
 3.73
 5.67
 4.45
 4.41
 5.31
 4.44
 4.88
 5.39
 4.39
 5.82
 6.36
 5.16
 5.22
 4.92
 4.25
 5.13
 5.29
 4.75
 4.86
 4.80
 5.27
 5.36
 5.17
 5.77
 4.82
 5.11
 4.29
 4.22
 5.79
 4.51
 5.31
 5.15
 5.04
 5.28
 4.80
 4.86
 4.43
 4.79
 5.27
 5.26
 4.35
 5.08
 3.99
 3.99
 5.19
 4.63
 5.19
 4.84
 5.68
 4.70
 4.97
 5.20
 4.38
 4.71
 5.20
 4.42
 4.43
 5.01
 4.18
 4.66
 5.29
 3.90
 4.44
 5.06
 4.77
 5.64
 5.60
 5.03
 6.00
 5.18
 4.66
 4.01
 4.84
 4.62
 4.68
 4.77
 6.37
 5.77
 4.85
 5.17
 5.31
 4.81
 4.68
 5.89
 5.59
 5.07
 4.98
 5.23
 5.35
 4.65
 4.22
 4.90
 4.99
 5.38
 4.95
 5.42
 5.22
 5.66
 5.46
 5.40
 5.14
 4.37
 4.43
 4.70
 5.88
 4.53
 5.41
 5.93
 4.54
 5.49
 5.38
 5.09
 4.87
 4.72
 4.57
 4.86
 5.05
 5.03
 5.32
 5.37
 4.96
 4.25
 5.25
 5.04
 4.38
 5.17
 5.34
 4.95
 5.29
 5.72
 4.81
 4.46
 5.22
 6.14
 4.90
 5.05
 4.70
 4.33
 4.50
 4.73
 4.97
 4.40
 4.73
 5.40
 4.03
 5.01
 4.39
 5.13
 4.66
 5.20
 4.79
 4.74
 5.75
 4.46
 4.22
 5.70
 4.72
 5.03
 4.51
 5.92
 5.70
 5.75
 5.01
 5.56
 3.59
 5.66
 5.24
 5.66
 5.41
 5.25
 4.52
 4.35
 4.90
 4.89
 4.85
 5.65
 4.59
 4.97
 5.63
 5.54
 6.31
 5.22
 5.11
 4.27
 4.63
 5.12
 4.63
 4.56
 5.34
 5.23
 6.09
 4.10
 5.00
 5.74
 5.81
 4.71
 5.42
 4.88
 5.23
 4.66
 5.33
 5.59
 4.60
 4.80
 4.83
 5.09
 4.99
 5.30
 5.13
 4.94
 5.52
 4.73
 5.33
 5.33
 4.31
 5.70
 5.40
 4.51
 5.73
 4.50
 5.13
 4.58
 4.64
 5.76
 4.00
 5.73
 5.88
 5.69
 5.55
 5.15
 4.16
 4.76
 5.74
 5.36
 4.91
 5.00
 3.92
 5.29
 4.74
 5.47
 4.85
 4.98
 5.52
 4.41
 4.78
 5.09
 4.70
 5.41
 4.65
 5.20
 5.25
 4.63
 4.36
 4.86
 5.37
 4.04
 6.27
 4.90
 4.71
 4.92
 4.36
 4.18
 6.02
 5.43
 4.90
 5.01
 5.05
 5.28
 5.52
 5.59
 5.11
 5.15
 5.33
 5.85
 4.68
 4.72
 5.57
 5.44
 4.65
 4.29
 5.45
 5.08
 5.48
 5.33
 5.42
 5.02
 4.79
 5.47
 6.10
 5.12
 5.26
 5.94
 5.08
 5.25
 4.74
 3.71
 5.02
 4.79
 5.13
 5.44
 4.82
 5.60
 4.60
 4.87
 5.25
 5.61
 5.36
 5.10
 4.64
 5.38
 4.64
 5.24
 4.92
 4.87
 6.38
 4.95
 5.32
 5.61
 5.24
 4.86
 4.65
 4.84
 4.97
 5.77
 4.38
 5.25
 4.70
 4.75
 5.34
 4.98
 5.83
 4.46
 4.59
 4.97
 4.26
 5.03
 5.75
 4.81
 4.82
 4.86
 4.63
 4.86
 4.86
 4.59
 4.89
 4.66
 4.30
 4.56
 5.49
 6.21
 5.36
 5.67
 4.74
 4.81
 4.53
 5.17
 5.05
 5.69
 4.41
 4.35
 4.23
 5.17
 4.37
 4.14
 4.91
 5.38
 5.07
 3.88
 4.89
 5.51
 4.42
 4.89
 5.17
 4.93
 5.26
 4.94
 5.27
 4.04
 4.63
 5.57
 4.91
 4.06
 4.96
 5.12
 4.31
 5.08
 5.71
 4.60
 4.87
 5.40
 4.76
 3.74
 4.73
 4.42
 5.30
 5.32
 4.56
 5.60
 6.20
 4.68
 5.09
 4.98
 5.34
 5.50
 5.17
 4.71
 4.86
 4.34
 5.47
 5.80
 4.26
 6.32
 5.46
 4.56
 4.44
 5.89
 4.95
 6.06
 4.97
 4.91
 4.86
 4.74
 4.79
 4.70
 6.08
 5.20
 4.40
 5.24
 5.72
 4.28
 4.84
 4.86
 4.81
 5.11
 5.73
 4.94
 5.02
 5.05
 5.08
 6.43
 4.71
 5.54
 5.09
 5.22
 5.04
 5.49
 5.51
 4.92
 4.61
 4.51
 5.94
 6.50
 5.27
 5.50
 5.53
 4.01
 5.51
 4.97
 4.71
 5.03
 4.59
 5.43
 5.62
 4.23
 5.28
 5.06
 5.66
 5.18
 4.91
 4.29
 5.87
 5.02
 5.16
 5.41
 5.54
 4.28
 4.41
 4.96
 4.32
 4.86
 5.01
 5.02
 5.40
 4.41
 4.21
 5.61
 3.65
 5.27
 4.52
 5.05
 4.63
 5.87
 4.01
 4.89
 5.41
 4.78
 4.94
 5.41
 4.26
 4.31
 4.75
 5.34
 4.20
 4.23
 5.00
 5.08
 4.67
 4.91
 4.76
 4.86
 4.38
 5.18
 4.62
 5.07
 3.63
 4.03
 4.85
 5.15
 4.66
 5.17
 4.59
 4.83
 5.23
 5.26
 4.90
 4.67
 5.86
 5.12
 5.98
 5.36
 4.66
 5.14
 5.66
 5.53
 5.44
 5.17
 5.09
 4.16
 4.08
 5.21
 5.09
 4.80
 4.90
 4.20
 4.57
 4.61
 4.42
 5.25
 5.18
 4.82
 5.25
 5.18
 5.34
 4.95
 4.84
 5.50
 5.13
 5.86
 5.37
 5.14
 4.72
 4.92
 4.51
 4.42
 5.39
 4.60
 5.32
 5.77
 4.77
 4.30
 4.66
 5.16
 5.09
 3.85
 4.74
 4.45
 5.15
 4.90
 5.50
 5.13
 4.59
 4.52
 4.89
 5.10
 5.49
 4.58
 4.67
 5.33
 4.41
 4.60
 5.68
 4.48
 5.78
 4.91
 5.25
 3.83
 4.78
 3.88
 5.40
 4.56
 4.70
 5.49
 4.97
 5.25
 4.45
 5.21
 5.31
 4.92
 4.87
 5.02
 5.13
 4.65
 4.92
 4.12
 4.69
 4.99
 4.81
 5.42
 5.51
 5.35
 5.02
 4.71
 5.41
 4.24
 5.08
 4.53
 4.58
 4.53
 4.30
 4.17
 6.13
 4.96
 5.20
 6.42
 4.28
 6.09
 4.77
 4.71
 5.26
 4.90
 5.77
 5.75
 6.01
 4.83
 4.21
 5.31
 4.14
 5.61
 4.66
 4.92
 4.41
 5.25
 6.22
 5.63
 4.99
 4.51
 5.11
 5.55
 4.35
 4.79
 5.13
 4.32
 5.39
 4.98
 4.86
 4.13
 5.00
 5.22
 4.93
 5.51
 4.46
 5.87
 5.56
 3.93
 3.66
 4.57
 4.03
 5.30
 4.98
 5.44
 5.01
 5.16
 4.84
 4.73
 4.90
 4.30
 4.98
 5.07
 4.46
 5.88
 4.98
 4.72
 4.95
 5.25
 4.91
 4.37
 6.20
 5.02
 5.19
 5.06
 5.16
 4.94
 5.46
 4.62
 5.67
 3.94
 5.99
 5.60
 6.02
 5.10
 5.06
 4.51
 4.57
 5.11
 5.20
 4.26
 4.81
 5.42
 4.77
 5.50
 5.33
 5.02
 4.71
 5.15
 4.80
 5.27
 5.12
 4.71
 4.78
 5.30
 5.95
 5.28
 4.83
 5.31
 4.84
 4.59
 6.48
 4.99
 5.91
 5.06
 5.56
 5.85
 5.50
 6.00
 5.18
 3.85
 4.86
 5.01
 5.01
 5.17
 3.76
 5.27
 4.01
 5.23
 4.63
 4.60
 5.14
 4.79
 5.02
 5.28
 5.75
 4.65
 4.78
 4.71
 5.71
 5.10
 4.65
 5.73
 3.95
 4.47
 5.64
 4.66
 5.31
 5.62
 4.20
 5.67
 4.99
 5.38
 5.56
 4.98
 4.69
 5.68
 5.18
 4.81
 4.90
 4.52
 4.73
 4.61
 5.12
 4.85
 5.73
 4.34
 3.97
 4.95
 4.71
 5.09
 5.01
 5.03
 5.46
 5.40
 4.95
 4.87
 4.97
 5.27
 4.71
 4.71
 6.04
 4.17
 3.88
 5.76
 6.29
 5.23
 4.57
 6.16
 5.22
 5.54
 4.21
 4.84
 5.47
 4.63
 3.78
 4.42
 5.19
 4.93
 4.47
 5.76
 5.26
 4.74
 5.30
 5.38
 5.76
 5.24
 5.54
 5.46
 5.63
 5.11
 5.04
 5.36
 4.99
 5.49
 4.86
 5.44
 4.82
 4.78
 5.55
 5.80
 5.19
 5.51
 5.37
 5.34
 5.52
 4.92
 4.19
 4.54
 5.65
 4.09
 5.45
 4.84
 5.23
 4.76
 4.65
 4.64
 4.78
 4.21
 4.10
 5.15
 4.23
 5.21
 4.32
 6.28
 5.28
 3.98
 5.73
 5.08
 5.57
 5.27
 4.78
 5.65
 4.46
 5.45
 4.70
 5.02
 4.65
 5.57
 4.42
 5.32
 5.05
 5.27
 5.38
 4.98
 5.39
 4.94
 4.68
 4.72
 4.59
 4.24
 4.94
 5.11
 4.29
 5.33
 5.61
 5.51
 5.89
 5.31
 4.95
 4.51
 5.45
 4.50
 4.61
 4.57
 5.46
 5.16
 5.71
 5.37
 4.84
 4.13
 4.66
 4.84
 5.75
 5.11
 4.83
 4.61
 5.43
 5.04
 4.87
 6.25
 4.35
 4.78
 4.20
 4.58
 5.52
 5.31
 5.34
 4.46
 4.53
 4.47
 4.63
 4.29
 4.19
 5.13
 5.97
 5.19
 3.88
 4.82
 4.90
 4.15
 6.06
 4.37
 4.91
 5.86
 5.71
 5.47
 4.73
 5.15
 5.10
 5.49
 4.98
 4.92
 4.89
 5.22
 6.17
 4.60
 5.47
 4.65
 4.44
 4.98
 4.85
 5.28
 3.71
 4.64
 5.07
 5.00
 5.05
 5.76
 5.84
 5.39
 5.04
 4.72
 4.72
 4.61
 3.87
 4.29
 4.62
 4.72
 5.26
 4.63
 5.42
 5.00
 4.17
 4.97
 4.71
 5.01
 3.78
 4.38
 5.27
 5.78
 5.24
 4.11
 4.24
 5.72
 5.45
 5.14
 5.54
 5.61
 4.53
 4.50
 5.26
 4.97
 5.34
 5.02
 4.47
 6.92
 4.25
 4.86
 4.66
 4.82
 4.99
 4.71
 4.65
 4.76
 5.57
 4.58
 4.20
 5.16
 4.50
 5.40
 4.71
 4.30
 5.11
 5.73
 4.31
 4.34
 4.70
 4.86
 5.41
 5.25
 4.96
 4.83
 5.55
 4.95
 5.48
 5.69
 5.23
 4.58
 5.08
 5.29
 5.36
 4.79
 5.27
 5.97
 5.43
 4.44
 5.51
 4.91
 4.97
 4.90
 3.81
 4.21
 4.43
 4.39
 5.45
 4.59
 4.75
 4.77
 5.65
 4.58
 6.12
 5.76
 4.91
 5.09
 5.57
 4.45
 4.76
 5.33
 4.47
 5.48
 4.98
 4.73
 5.20
 5.85
 5.41
 4.94
 5.02
 5.42
 5.06
 4.82
 4.51
 3.98
 4.60
 5.89
 5.20
 5.69
 4.92
 5.87
 5.34
 4.76
 4.19
 4.96
 5.13
 5.27
 3.82
 4.87
 4.29
 5.42
 5.36
 5.06
 4.71
 5.78
 4.42
 5.52
 5.55
 5.31
 4.06
 5.17
 5.21
 5.30
 5.89
 5.51
 5.50
 4.40
 4.47
 5.85
 5.69
 5.00
 5.01
 4.74
 5.36
 5.42
 5.15
 4.53
 5.37
 5.47
 4.65
 5.29
 5.53
 4.95
 4.59
 4.39
 6.09
 5.83
 4.99
 4.28
 5.24
 5.02
 4.37
 4.97
 4.53
 4.22
 4.49
 4.91
 4.66
 5.70
 4.62
 4.70
 3.89
 5.30
 4.45
 4.85
 4.91
 4.45
 5.05
 5.40
 5.50
 5.79
 5.25
 4.82
 6.76
 5.18
 5.17
 5.89
 5.34
 5.34
 4.17
 4.83
 4.97
 4.94
 4.57
 4.10
 4.96
 5.37
 4.78
 4.95
 4.82
 5.04
 4.53
 6.21
 4.59
 4.75
 4.41
 5.58
 5.53
 4.79
 4.90
 4.68
 5.08
 4.76
 4.98
 4.69
 5.52
 4.46
 5.00
 4.83
 5.18
 5.27
 4.87
 4.15
 5.24
 4.84
 4.88
 4.68
 4.81
 5.59
 5.71
 4.06
 4.86
 5.49
 5.01
 5.56
 5.07
 5.47
 4.63
 5.92
 4.75
 4.12
 4.74
 5.53
 4.26
 5.02
 4.83
 5.26
 4.98
 5.64
 4.89
 4.99
 5.32
 4.86
 4.86
 5.95
 4.22
 5.23
 5.65
 5.36
 4.30
 5.47
 4.88
 5.36
 4.12
 4.42
 4.53
 4.93
 5.26
 4.35
 4.87
 5.31
 5.05
 4.73
 5.28
 3.87
 5.56
 5.25
 5.05
 4.91
 5.02
 5.12
 5.16
 4.55
 4.79
 5.95
 5.34
 5.12
 4.32
 5.56
 5.21
 3.97
 5.49
 4.30
 4.74
 4.35
 5.03
 3.88
 5.48
 4.87
 4.38
 4.98
 5.38
 5.03
 4.73
 5.46
 4.44
 4.54
 5.08
 5.13
 5.33
 5.64
 5.52
 5.26
 5.37
 5.16
 5.70
 4.71
 4.37
 5.53
 4.76
 5.45
 4.99
 5.18
 4.88
 3.93
 5.44
 4.91
 4.33
 5.26
 4.06
 4.70
 5.15
 4.47
 4.81
 4.82
 4.60
 5.71
 5.09
 4.65
 4.99
 4.59
 4.54
 4.94
 5.21
 4.56
 5.10
 4.32
 5.52
 3.45
 4.86
 5.10
 5.48
 4.98
 4.95
 5.01
 4.97
 5.00
 5.03
 5.22
 5.36
 4.87
 5.45
 4.47
 4.13
 4.98
 4.76
 4.72
 5.70
 6.05
 4.67
 4.67
 4.51
 4.14
 4.58
 5.04
 5.19
 5.15
 5.86
 4.49
 4.37
 4.32
 4.98
 5.03
 5.50
 4.73
 4.93
 5.52
 4.85
 5.67
 5.32
 4.41
 5.13
 4.46
 5.15
 5.87
 5.40
 4.96
 5.11
 4.87
 5.12
 4.90
 5.59
 4.61
 5.30
 5.12
 4.77
 4.55
 4.55
 4.60
 4.74
 5.65
 4.55
 5.66
 5.31
 4.55
 5.13
 4.84
 5.40
 4.54
 5.42
 4.76
 4.99
 5.57
 4.67
 4.90
 4.98
 4.83
 4.55
 4.31
 3.77
 4.85
 5.42
 4.61
 4.07
 4.04
 4.84
 4.71
 5.81
 4.28
 5.41
 4.90
 4.72
 5.71
 5.02
 5.66
 4.66
 4.99
 5.30
 4.87
 5.70
 4.60
 4.81
 5.12
 4.24
 5.55
 5.50
 6.55
 4.88
 5.27
 4.56
 5.33
 4.83
 6.02
 4.99
 4.87
 4.62
 4.79
 5.04
 5.09
 5.70
 4.74
 5.40
 3.72
 5.24
 3.86
 4.47
 4.87
 4.81
 5.15
 4.96
 4.84
 5.50
 5.23
 5.80
 4.75
 4.93
 4.00
 5.24
 4.92
 5.51
 5.24
 5.90
 4.59
 4.90
 5.26
 5.87
 5.22
 5.56
 3.70
 5.36
 4.88
 4.69
 4.72
 5.26
 4.49
 6.25
 5.00
 5.35
 5.39
 5.29
 5.00
 6.00
 4.67
 5.24
 4.82
 5.21
 5.39
 4.77
 5.97
 5.18
 5.20
 5.11
 5.26
 4.25
 5.46
 5.04
 5.25
 5.25
 4.96
 5.25
 4.29
 5.29
 5.17
 5.55
 4.58
 5.33
 5.92
 4.45
 4.46
 4.42
 4.13
 6.04
 4.30
 5.17
 5.34
 4.28
 4.81
 5.10
 5.55
 4.87
 4.59
 5.89
 5.16
 4.29
 4.62
 4.49
 5.49
 5.36
 4.87
 4.34
 4.73
 5.64
 4.26
 5.12
 4.39
 5.10
 4.98
 4.58
 5.72
 5.57
 6.21
 4.72
 5.11
 4.55
 5.41
 5.66
 5.37
 5.24
 4.41
 5.58
 4.60
 5.43
 5.51
 6.10
 4.37
 4.94
 5.21
 5.35
 5.29
 4.69
 5.21
 4.89
 4.53
 4.74
 5.02
 4.15
 5.52
 5.66
 5.04
 4.75
 6.02
 5.00
 5.63
 5.10
 5.10
 4.52
 4.04
 4.95
 4.16
 5.64
 5.05
 4.73
 4.73
 4.79
 4.86
 5.32
 4.83
 4.49
 5.70
 4.84
 5.27
 5.45
 5.07
 4.34
 4.78
 4.54
 5.91
 4.87
 4.45
 5.06
 5.08
 5.71
 4.97
 5.58
 4.55
 4.98
 5.28
 4.93
 5.62
 4.78
 4.97
 5.07
 5.06
 4.91
 3.73
 4.78
 3.75
 4.44
 4.29
 4.39
 5.70
 4.85
 3.55
 6.00
 5.33
 4.31
 5.76
 4.80
 5.12
 4.60
 5.01
 5.47
 6.15
 5.74
 4.69
 5.13
 5.16
 4.93
 5.33
 4.39
 4.93
 5.67
 5.30
 4.86
 4.53
 4.79
 4.34
 4.49
 4.66
 4.65
 4.46
 4.89
 4.97
 5.70
 5.29
 5.56
 4.99
 4.88
 5.18
 5.45
 4.63
 4.09
 5.42
 5.66
 5.58
 4.90
 5.59
 5.71
 4.88
 4.87
 4.48
 3.94
 5.46
 4.71
 5.10
 4.18
 4.47
 4.57
 5.35
 5.29
 4.46
 4.87
 4.98
 3.86
 4.57
 4.15
 5.21
 5.54
 4.63
 5.13
 4.43
 4.16
 4.87
 4.75
 5.04
 5.54
 4.21
 4.65
 5.34
 4.97
 4.89
 4.70
 4.14
 4.25
 4.82
 5.34
 4.96
 4.84
 5.19
 5.97
 4.72
 5.55
 4.54
 5.12
 4.65
 5.36
 5.61
 4.48
 4.30
 5.72
 5.50
 6.00
 5.24
 4.50
 4.52
 5.20
 4.91
 4.20
 4.50
 5.30
 5.64
 5.48
 4.68
 5.02
 4.44
 5.53
 5.95
 5.18
 3.53
 4.64
 5.19
 3.97
 4.75
 5.38
 4.77
 5.38
 4.31
 4.68
 5.77
 6.13
 5.44
 5.52
 4.68
 4.69
 4.71
 4.85
 5.01
 5.00
 5.63
 5.17
 5.55
 5.13
 5.15
 5.09
 4.86
 5.28
 5.37
 4.99
 5.01
 4.36
 6.38
 5.14
 5.39
 4.01
 5.95
 4.62
 5.27
 4.89
 4.89
 4.87
 4.34
 5.74
 5.29
 4.89
 5.04
 5.77
 5.96
 5.07
 4.73
 4.24
 5.67
 5.37
 5.29
 5.12
 5.88
 5.17
 5.63
 5.94
 5.00
 5.34
 5.21
 5.74
 4.42
 5.24
 4.58
 6.02
 4.58
 4.49
 5.25
 4.94
 4.76
 5.35
 4.83
 4.70
 4.26
 4.52
 5.30
 5.61
 4.90
 4.50
 4.31
 5.13
 5.76
 5.32
 5.21
 5.24
 5.23
 4.60
 4.69
 4.96
 4.18
 5.80
 4.88
 4.66
 5.22
 5.94
 4.88
 4.66
 4.78
 4.66
 3.98
 4.84
 3.93
 5.82
 5.08
 4.77
 4.29
 4.06
 5.86
 5.04
 5.11
 5.50
 4.57
 5.34
 4.68
 5.01
 4.90
 4.43
 5.29
 4.82
 5.95
 4.89
 4.98
 4.70
 4.29
 4.83
 5.33
 4.21
 3.96
 4.49
 5.10
 4.55
 5.68
 5.43
 5.06
 5.01
 5.32
 5.01
 5.15
 4.95
 3.92
 4.99
 4.72
 4.90
 5.00
 4.75
 5.36
 5.25
 4.62
 5.63
 5.23
 5.73
 5.75
 5.60
 5.75
 4.76
 5.09
 4.37
 5.18
 4.95
 5.40
 5.50
 5.12
 3.76
 5.61
 5.70
 4.92
 4.50
 6.33
 4.91
 5.31
 5.79
 5.14
 4.45
 5.11
 4.57
 5.35
 4.20
 4.41
 5.53
 5.15
 5.62
 4.78
 5.10
 5.51
 5.42
 4.37
 5.15
 4.97
 5.16
 5.61
 5.31
 4.60
 4.59
 5.23
 5.66
 5.27
 4.94
 4.70
 5.23
 5.41
 4.76
 5.22
 4.77
 5.08
 4.40
 5.82
 4.88
 6.02
 4.74
 5.22
 5.32
 5.76
 5.16
 5.86
 4.76
 4.72
 4.65
 4.98
 6.60
 4.35
 4.34
 4.08
 4.89
 4.89
 4.71
 4.71
 5.47
 4.80
 4.81
 4.14
 4.55
 5.26
 5.40
 4.74
 4.99
 4.50
 5.77
 4.32
 5.22
 4.77
 4.63
 4.42
 4.72
 4.73
 5.23
 5.19
 6.18
 5.95
 5.43
 4.44
 5.23
 6.06
 6.22
 5.10
 4.94
 5.03
 5.05
 5.16
 6.20
 4.49
 4.61
 4.98
 4.51
 5.03
 5.06
 5.43
 4.64
 4.26
 5.05
 4.78
 4.61
 4.94
 3.92
 5.31
 5.14
 4.52
 4.96
 5.30
 5.24
 5.72
 5.26
 5.40
 4.11
 4.92
 4.47
 5.07
 4.74
 5.11
 4.38
 5.41
 4.93
 4.57
 5.04
 5.15
 5.88
 5.47
 4.97
 4.62
 4.24
 5.57
 5.09
 5.29
 5.39
 4.84
 4.80
 5.44
 5.98
 5.56
 4.30
 4.97
 4.44
 4.56
 5.10
 4.24
 4.09
 5.37
 3.33
 4.90
 5.30
 4.65
 4.66
 5.67
 5.50
 4.40
 5.04
 4.61
 5.21
 3.87
 5.20
 5.11
 4.57
 5.50
 4.85
 5.28
 5.47
 4.78
 4.89
 4.85
 4.25
 5.15
 5.27
 4.64
 5.46
 5.04
 5.02
 4.97
 4.44
 6.29
 5.92
 5.25
 4.86
 5.20
 4.99
 5.46
 5.51
 3.99
 4.47
 4.48
 4.85
 5.05
 5.25
 4.73
 5.17
 5.83
 4.54
 4.08
 4.26
 4.51
 4.20
 5.16
 4.43
 4.57
 4.96
 5.47
 4.13
 5.29
 4.09
 4.51
 4.75
 4.81
 6.26
 5.45
 4.03
 4.82
 4.67
 5.25
 5.47
 5.23
 4.05
 4.73
 4.21
 4.35
 4.08
 5.01
 3.85
 4.90
 5.20
 5.59
 4.78
 5.49
 4.91
 4.85
 4.91
 5.71
 4.76
 5.32
 5.01
 5.18
 5.58
 5.06
 4.55
 5.52
 5.34
 5.05
 4.73
 5.46
 5.22
 4.74
 4.46
 5.10
 5.33
 4.80
 4.30
 5.58
 5.55
 4.33
 4.47
 4.51
 5.07
 4.98
 5.19
 6.48
 5.77
 6.00
 5.24
 5.02
 4.59
 4.28
 5.37
 4.85
 5.52
 4.92
 4.89
 4.89
 4.25
 5.10
 4.71
 4.94
 6.13
 4.30
 3.85
 5.28
 5.62
 3.87
 5.10
 4.06
 4.48
 5.20
 5.18
 5.10
 4.50
 4.64
 4.78
 5.47
 5.05
 4.76
 4.89
 5.17
 5.72
 5.67
 5.44
 4.83
 4.57
 5.64
 5.11
 5.80
 5.13
 3.17
 4.75
 4.79
 5.79
 6.28
 4.02
 6.46
 5.25
 4.55
 5.61
 5.17
 5.08
 4.54
 5.66
 5.82
 4.06
 4.90
 6.19
 5.32
 4.73
 4.76
 4.80
 4.50
 4.43
 4.79
 5.19
 4.77
 5.66
 5.56
 4.71
 5.21
 5.60
 5.78
 5.05
 4.22
 5.23
 5.37
 5.59
 4.74
 5.43
 4.34
 5.13
 4.38
 5.72
 4.94
 4.26
 4.71
 4.79
 4.57
 5.97
 5.29
 4.90
 4.90
 4.86
 5.66
 5.38
 5.57
 4.93
 4.52
 4.74
 5.17
 5.03
 4.43
 5.16
 5.08
 5.90
 5.32
 4.86
 4.34
 6.40
 4.36
 4.74
 4.53
 5.98
 5.20
 3.80
 4.49
 5.60
 4.43
 4.72
 5.04
 5.13
 5.80
 4.70
 4.43
 4.41
 4.54
 4.87
 5.73
 5.09
 5.36
 4.67
 5.50
 5.10
 4.72
 5.40
 5.81
 4.37
 4.55
 4.73
 4.69
 5.61
 4.75
 5.44
 4.48
 4.97
 4.57
 4.60
 5.05
 5.05
 5.51
 4.84
 5.42
 4.56
 5.11
 4.51
 5.66
 5.51
 4.93
 4.60
 4.72
 5.25
 4.87
 5.42
 5.46
 4.73
 4.90
 5.91
 4.78
 5.27
 5.09
 5.20
 5.53
 5.58
 4.48
 4.47
 5.00
 5.54
 4.82
 5.29
 5.42
 4.94
 4.40
 5.04
 4.64
 5.48
 5.26
 5.15
 5.30
 5.43
 4.87
 4.29
 5.22
 5.36
 5.59
 5.04
 5.78
 5.32
 4.19
 4.83
 5.04
 4.92
 5.33
 5.11
 5.30
 4.41
 4.34
 5.48
 5.04
 4.68
 4.66
 4.66
 4.79
 4.09
 5.80
 4.20
 4.84
 4.44
 4.63
 4.34
 4.93
 5.54
 4.01
 5.05
 4.78
 4.69
 5.64
 5.00
 4.46
 5.43
 4.90
 5.52
 5.43
 4.75
 5.41
 5.28
 4.73
 4.98
 4.58
 5.34
 4.27
 4.71
 5.25
 4.86
 4.01
 5.69
 6.43
 4.39
 5.21
 5.58
 5.41
 4.60
 4.98
 4.93
 4.81
 4.59
 4.99
 5.33
 5.82
 4.74
 5.38
 3.99
 5.72
 4.21
 5.78
 5.35
 5.12
 4.59
 4.51
 5.32
 5.17
 4.95
 4.84
 5.11
 4.77
 5.35
 5.08
 5.62
 4.44
 5.67
 5.28
 5.09
 4.94
 3.95
 4.76
 5.13
 5.72
 4.55
 4.38
 5.24
 5.25
 5.33
 4.82
 5.14
 5.09
 4.54
 4.65
 4.91
 5.55
 5.07
 5.09
 5.08
 4.38
 4.87
 6.25
 4.49
 5.69
 5.83
 5.31
 4.76
 4.53
 4.97
 5.96
 5.13
 4.68
 4.40
 5.52
 4.49
 5.99
 5.20
 5.96
 4.44
 5.03
 4.75
 5.29
 4.74
 4.69
 4.89
 5.25
 4.92
 5.72
 4.60
 5.33
 4.38
 5.57
 4.79
 4.31
 5.43
 4.52
 4.78
 4.54
 4.54
 4.42
 5.28
 4.42
 4.45
 5.38
 5.11
 4.86
 3.87
 5.17
 4.56
 3.63
 4.94
 6.08
 4.59
 4.51
 4.69
 4.49
 4.86
 4.41
 4.66
 4.99
 4.84
 5.93
 4.67
 5.73
 4.77
 5.38
 4.39
 4.62
 5.49
 5.27
 4.99
 4.88
 4.57
 5.20
 4.22
 5.33
 5.30
 4.93
 5.29
 4.99
 5.16
 4.75
 4.55
 5.10
 4.40
 5.66
 4.76
 5.43
 5.08
 5.19
 4.18
 4.68
 5.16
 4.83
 4.55
 4.99
 4.95
 4.83
 5.19
 5.25
 4.91
 5.20
 4.40
 5.09
 5.70
 5.38
 5.38
 5.05
 5.97
 4.94
 5.60
 4.95
 6.02
 4.88
 3.92
 5.80
 5.79
 5.73
 5.94
 5.41
 4.82
 3.89
 5.22
 4.25
 5.34
 4.96
 4.93
 5.21
 4.78
 5.43
 4.73
 5.52
 5.13
 5.29
 5.39
 4.98
 5.27
 4.44
 4.56
 5.11
 4.88
 5.12
 4.86
 3.97
 4.24
 5.12
 5.15
 4.76
 4.71
 5.56
 4.61
 5.56
 3.87
 5.91
 5.19
 4.23
 5.70
 4.49
 5.46
 3.77
 4.65
 4.52
 4.92
 5.16
 4.98
 5.34
 4.15
 4.98
 5.31
 4.59
 5.24
 5.13
 5.90
 4.87
 4.70
 5.71
 4.68
 5.08
 4.56
 4.54
 4.73
 5.36
 6.45
 4.64
 3.72
 5.61
 4.61
 4.50
 4.42
 5.51
 4.45
 4.77
 4.95
 5.09
 6.03
 4.11
 4.30
 4.62
 5.31
 4.75
 5.50
 4.77
 4.56
 4.84
 4.77
 6.04
 4.20
 6.30
 5.27
 4.22
 5.43
 5.02
 4.31
 4.79
 5.09
 4.92
 5.90
 4.32
 5.67
 5.20
 5.03
 5.12
 4.87
 5.46
 5.27
 4.92
 5.16
 5.27
 4.15
 5.88
 4.91
 5.70
 5.05
 5.34
 5.24
 4.43
 5.31
 5.33
 6.11
 4.40
 5.80
 4.86
 4.81
 5.38
 5.01
 4.82
 4.10
 5.79
 4.84
 4.61
 4.07
 5.26
 5.42
 4.30
 5.55
 4.38
 4.81
 4.24
 4.87
 5.35
 4.75
 4.51
 4.75
 5.18
 5.60
 5.06
 5.56
 4.98
 5.01
 5.44
 4.73
 4.42
 4.76
 5.30
 5.14
 6.06
 4.61
 6.10
 5.09
 4.81
 5.11
 5.86
 4.65
 4.95
 4.78
 4.88
 4.11
 5.12
 4.70
 4.01
 4.97
 4.85
 4.56
 5.24
 5.02
 4.52
 5.41
 5.05
 5.25
 5.36
 4.47
 5.10
 4.95
 5.14
 5.89
 4.81
 4.71
 5.38
 6.39
 4.56
 4.95
 4.77
 3.72
 5.80
 5.64
 5.24
 5.00
 4.32
 4.27
 5.40
 4.43
 5.28
 4.14
 4.63
 4.46
 5.15
 4.54
 6.20
 5.31
 4.92
 4.72
 4.83
 5.69
 4.99
 5.07
 5.16
 5.62
 4.52
 4.82
 5.08
 5.24
 5.33
 4.72
 5.21
 5.28
 5.12
 4.13
 5.25
 5.01
 4.94
 5.18
 5.47
 4.79
 5.04
 4.62
 5.22
 5.28
 5.48
 4.46
 4.24
 5.29
 4.79
 4.51
 5.54
 5.07
 4.95
 5.11
 4.89
 3.92
 4.42
 5.72
 4.86
 4.12
 5.39
 5.22
 4.54
 5.00
 5.50
 4.22
 5.00
 5.21
 5.27
 5.25
 5.32
 5.23
 5.40
 5.51
 4.79
 5.35
 4.75
 4.26
 4.54
 4.65
 4.23
 4.77
 4.67
 4.59
 4.53
 5.17
 6.00
 4.74
 5.12
 4.40
 4.83
 4.94
 4.47
 5.06
 5.15
 5.01
 4.80
 5.04
 4.63
 5.33
 4.34
 4.15
 6.54
 5.43
 4.92
 4.87
 4.69
 5.04
 5.48
 5.42
 4.52
 4.88
 5.94
 4.81
 5.39
 4.76
 4.34
 5.47
 5.40
 4.42
 4.93
 5.10
 5.21
 4.63
 4.82
 4.73
 4.08
 5.55
 3.52
 4.90
 5.19
 4.95
 4.89
 5.34
 4.83
 4.97
 4.40
 5.13
 4.61
 4.71
 5.36
 4.70
 5.29
 5.52
 5.15
 4.77
 4.35
 4.76
 5.43
 4.95
 5.06
 4.57
 5.39
 4.39
 5.17
 4.44
 4.79
 5.39
 5.41
 4.94
 4.96
 4.69
 5.62
 4.01
 4.19
 4.85
 5.30
 4.49
 4.76
 4.94
 4.77
 5.06
 5.14
 4.53
 4.47
 5.57
 4.79
 5.14
 4.67
 4.50
 5.03
 4.98
 4.53
 5.63
 4.35
 4.81
 4.90
 5.34
 4.97
 4.96
 4.43
 4.87
 4.76
 6.14
 4.51
 5.28
 4.98
 4.12
 4.34
 4.59
 4.41
 4.04
 5.03
 4.21
 4.74
 4.50
 4.90
 4.55
 4.65
 4.38
 5.38
 4.88
 4.96
 5.13
 4.55
 5.47
 5.00
 4.56
 4.89
 4.36
 4.36
 5.50
 5.09
 4.16
 5.09
 5.37
 4.69
 4.87
 5.01
 5.31
 4.82
 5.66
 4.15
 4.53
 5.28
 5.92
 4.95
 4.81
 4.73
 4.76
 4.32
 5.13
 4.88
 4.92
 5.36
 5.11
 5.27
 4.91
 5.14
 5.80
 5.68
 5.88
 4.59
 5.56
 4.71
 5.11
 4.58
 5.04
 4.82
 5.71
 4.51
 4.51
 4.46
 5.15
 4.71
 4.98
 4.62
 5.19
 5.89
 5.41
 5.23
 4.61
 5.73
 4.24
 5.17
 5.10
 5.07
 4.56
 5.42
 4.39
 4.46
 4.82
 3.91
 5.91
 4.37
 4.73
 5.17
 4.78
 5.07
 4.85
 5.94
 5.12
 5.63
 4.51
 4.97
 4.90
 4.82
 5.14
 5.92
 5.56
 4.54
 5.02
 4.76
 4.37
 5.22
 6.67
 4.73
 3.71
 5.58
 4.68
 5.03
 4.82
 6.13
 5.43
 4.67
 4.53
 4.88
 4.43
 4.99
 5.41
 4.08
 5.28
 4.51
 4.44
 4.89
 5.50
 4.99
 6.02
 4.03
 5.30
 4.87
 4.31
 5.28
 5.04
 4.93
 5.46
 4.16
 5.36
 4.32
 5.26
 5.28
 4.71
 4.51
 4.44
 5.87
 4.82
 4.15
 4.96
 5.03
 5.49
 5.18
 3.92
 4.59
 4.80
 4.51
 5.60
 4.66
 4.12
 4.98
 5.22
 4.51
 4.86
 5.04
 3.66
 4.93
 4.60
 4.82
 5.04
 5.46
 5.01
 5.09
 4.44
 6.18
 3.05
 4.58
 4.86
 4.60
 4.73
 4.83
 4.54
 5.15
 4.35
 4.73
 5.40
 4.75
 4.96
 4.94
 5.34
 6.23
 5.65
 4.72
 5.69
 3.90
 5.18
 4.96
 4.95
 4.89
 5.29
 4.97
 6.06
 4.77
 4.66
 4.63
 5.52
 5.02
 5.01
 5.13
 5.40
 5.23
 4.50
 4.88
 5.00
 5.11
 5.80
 4.92
 5.07
 4.27
 5.12
 5.12
 5.74
 4.48
 5.10
 4.69
 4.50
 6.71
 4.64
 4.71
 4.63
 5.46
 4.34
 5.61
 4.56
 4.88
 4.91
 4.78
 4.17
 4.82
 5.43
 5.23
 4.58
 4.74
 4.66
 4.85
 5.16
 5.66
 4.26
 4.65
 5.71
 4.97
 4.88
 4.64
 5.26
 4.77
 4.79
 4.59
 3.50
 5.25
 5.80
 5.36
 5.15
 5.08
 5.87
 4.09
 4.60
 5.57
 5.25
 3.80
 4.73
 5.18
 5.21
 5.47
 4.71
 5.32
 3.93
 4.39
 4.79
 4.05
 4.93
 4.84
 4.82
 5.24
 4.92
 5.45
 5.43
 4.66
 4.29
 5.49
 4.86
 4.06
 4.86
 4.80
 4.59
 5.87
 5.64
 5.09
 4.96
 4.49
 5.26
 5.13
 5.31
 4.46
 5.26
 5.10
 5.29
 5.21
 5.17
 4.51
 5.19
 4.93
 5.10
 5.01
 6.05
 4.41
 4.96
 5.34
 5.67
 4.37
 4.58
 5.12
 4.94
 4.97
 4.84
 4.99
 5.26
 5.38
 4.93
 4.72
 5.63
 5.12
 4.68
 5.22
 5.23
 4.96
 5.10
 5.26
 5.84
 5.61
 5.60
 4.85
 5.16
 4.32
 5.73
 4.50
 5.96
 5.55
 4.52
 5.38
 4.85
 5.13
 5.07
 4.09
 5.04
 5.56
 4.64
 5.08
 5.88
 5.01
 4.86
 5.25
 5.04
 4.30
 5.59
 5.54
 5.10
 5.16
 4.96
 5.27
 4.82
 4.77
 5.00
 5.29
 4.61
 5.82
 5.64
 5.01
 4.38
 4.47
 5.65
 5.13
 5.92
 5.37
 5.49
 4.40
 4.80
 5.62
 4.92
 4.61
 4.54
 4.62
 5.31
 4.45
 5.11
 4.83
 5.95
 5.20
 4.56
 5.24
 3.17
 4.95
 5.42
 3.87
 4.85
 3.64
 4.61
 5.43
 4.70
 5.12
 5.44
 4.89
 4.69
 5.45
 5.60
 5.36
 5.43
 5.40
 4.26
 4.70
 4.39
 4.85
 4.18
 5.29
 5.22
 4.65
 5.09
 5.18
 5.17
 4.71
 5.12
 4.29
 5.04
 4.74
 5.33
 5.45
 4.15
 5.61
 4.63
 5.54
 5.14
 4.47
 5.11
 4.83
 4.75
 5.60
 4.83
 5.34
 5.48
 5.74
 5.08
 5.33
 4.80
 5.28
 5.02
 3.92
 4.57
 5.41
 5.79
 4.12
 5.23
 4.34
 5.17
 5.87
 5.16
 4.85
 4.97
 4.55
 5.10
 5.35
 4.66
 5.28
 5.20
 4.57
 4.48
 5.44
 4.40
 3.89
 5.61
 4.08
 3.71
 5.58
 4.32
 5.31
 4.63
 3.94
 5.15
 5.20
 4.59
 4.97
 5.24
 4.89
 4.14
 4.83
 5.76
 4.84
 4.51
 4.84
 4.51
 4.62
 5.44
 5.37
 4.73
 6.01
 5.18
 4.96
 5.79
 5.86
 5.10
 5.09
 4.52
 5.04
 4.84
 5.03
 4.25
 5.57
 4.53
 4.32
 6.50
 4.78
 4.89
 5.28
 5.48
 5.70
 5.13
 5.11
 5.40
 5.31
 5.07
 4.97
 5.33
 4.77
 5.19
 5.38
 5.52
 4.98
 6.05
 5.18
 4.91
 5.57
 6.13
 5.44
 5.24
 4.79
 4.02
 4.53
 4.31
 5.17
 5.15
 4.90
 4.94
 4.71
 5.11
 4.96
 4.25
 4.70
 4.50
 5.31
 5.07
 4.35
 5.38
 4.56
 4.66
 5.63
 5.29
 4.40
 5.52
 4.64
 5.45
 5.06
 5.86
 5.07
 5.14
 4.67
 4.86
 5.49
 4.49
 5.69
 4.77
 5.15
 4.78
 5.04
 4.63
 5.34
 4.66
 5.22
 4.99
 5.37
 5.02
 5.18
 5.17
 5.02
 5.41
 3.89
 4.92
 5.64
 4.10
 5.34
 5.40
 5.10
 4.65
 4.09
 4.42
 5.12
 5.02
 4.81
 4.80
 5.84
 4.76
 4.59
 5.22
 5.30
 5.30
 4.86
 4.74
 4.73
 5.00
 4.95
 4.77
 5.30
 5.23
 5.10
 4.44
 4.13
 4.88
 5.35
 4.67
 4.13
 4.41
 5.65
 5.35
 5.35
 5.77
 5.24
 4.98
 4.15
 4.92
 6.01
 5.47
 5.12
 5.25
 4.86
 5.10
 4.61
 6.05
 4.95
 4.76
 4.74
 4.71
 5.23
 4.55
 4.97
 6.00
 4.83
 3.86
 5.06
 4.81
 5.02
 4.85
 6.04
 4.59
 5.27
 4.61
 5.40
 3.91
 4.77
 4.02
 5.55
 5.23
 5.43
 5.30
 4.87
 5.88
 5.31
 5.09
 4.70
 5.43
 4.53
 4.36
 4.37
 5.71
 5.56
 5.16
 5.05
 5.18
 4.57
 4.42
 5.07
 4.50
 4.79
 4.64
 5.37
 4.82
 4.97
 5.22
 5.05
 4.58
 5.58
 5.42
 5.65
 5.00
 3.97
 5.06
 4.62
 5.84
 5.30
 5.77
 4.78
 5.19
 4.78
 4.57
 4.59
 4.79
 4.85
 4.82
 5.84
 4.58
 4.69
 5.32
 3.83
 4.36
 4.75
 5.04
 5.39
 4.46
 5.16
 5.68
 4.67
 5.03
 3.83
 5.54
 4.91
 5.17
 4.83
 4.99
 5.19
 5.00
 5.75
 4.11
 4.96
 4.38
 5.39
 5.51
 5.37
 4.87
 4.53
 5.04
 4.00
 5.36
 4.79
 5.22
 5.38
 4.39
 4.51
 4.55
 5.83
 4.33
 4.03
 5.45
 4.28
 5.46
 5.42
 4.73
 4.95
 5.96
 5.36
 5.79
 4.74
 4.44
 5.81
 4.36
 4.56
 4.67
 4.61
 5.30
 4.36
 5.43
 6.17
 4.95
 4.44
 4.70
 4.33
 5.38
 4.98
 5.40
 5.14
 4.53
 5.15
 5.36
 5.01
 5.13
 5.35
 4.83
 5.34
 4.54
 4.52
 5.14
 4.77
 5.02
 4.91
 4.68
 4.63
 4.90
 4.89
 5.42
 4.86
 5.54
 5.28
 4.48
 5.82
 4.69
 4.34
 4.94
 4.92
 4.44
 4.92
 3.94
 5.50
 5.65
 4.60
 5.38
 5.29
 4.90
 4.93
 5.85
 5.36
 4.74
 3.77
 5.83
 3.63
 4.29
 4.90
 4.74
 5.88
 4.69
 5.54
 4.89
 4.62
 5.44
 5.41
 5.14
 5.10
 3.84
 4.97
 5.59
 5.00
 4.27
 4.40
 3.96
 5.85
 5.54
 4.62
 4.87
 5.13
 4.75
 4.70
 5.75
 4.64
 4.82
 5.01
 5.66
 5.13
 5.94
 4.78
 5.01
 4.46
 5.40
 4.66
 5.01
 5.05
 5.53
 4.56
 4.68
 5.27
 5.16
 4.46
 4.73
 5.25
 4.95
 5.62
 4.47
 4.98
 5.43
 4.90
 5.05
 5.38
 5.82
 5.10
 4.71
 4.82
 5.86
 5.97
 5.30
 5.43
 5.66
 4.65
 5.48
 4.92
 4.92
 5.25
 4.52
 3.86
 5.08
 4.62
 5.33
 5.19
 5.39
 5.53
 5.81
 4.87
 5.06
 5.06
 5.38
 4.42
 4.92
 5.07
 6.02
 4.27
 4.63
 5.14
 3.81
 5.11
 5.72
 4.58
 4.29
 4.53
 5.71
 5.67
 4.32
 5.91
 4.86
 5.15
 4.58
 5.36
 5.50
 4.79
 5.19
 4.80
 4.73
 5.50
 5.27
 5.01
 5.80
 4.32
 4.19
 4.64
 5.56
 5.12
 5.79
 4.93
 5.23
 5.17
 4.30
 5.52
 4.71
 5.06
 4.92
 4.86
 4.85
 5.46
 3.84
 5.45
 4.43
 4.95
 5.75
 6.38
 4.54
 4.96
 5.02
 4.68
 5.00
 5.13
 4.75
 4.62
 4.72
 5.10
 5.25
 5.70
 5.41
 4.66
 5.06
 5.31
 4.96
 4.43
 3.97
 4.56
 4.66
 4.29
 3.66
 5.33
 5.41
 5.73
 4.49
 4.82
 4.89
 5.64
 5.54
 5.35
 5.55
 4.81
 4.27
 5.78
 5.84
 5.16
 5.36
 5.70
 4.45
 5.12
 4.46
 3.71
 5.28
 4.82
 4.19
 5.23
 4.37
 5.44
 5.02
 4.93
 4.23
 4.77
 5.18
 5.19
 4.41
 5.55
 4.93
 5.11
 4.90
 5.52
 5.43
 4.68
 4.43
 4.74
 5.01
 5.23
 4.39
 4.97
 5.00
 4.69
 5.20
 4.91
 4.94
 5.69
 5.45
 4.55
 4.91
 4.64
 5.08
 4.94
 4.54
 5.11
 4.95
 5.56
 4.74
 5.62
 3.86
 5.29
 4.90
 5.21
 5.23
 5.34
 4.84
 5.17
 5.00
 4.68
 4.96
 4.65
 4.45
 5.76
 5.76
 4.27
 4.84
 4.78
 5.41
 5.10
 5.24
 4.97
 5.65
 4.86
 5.05
 5.40
 4.48
 5.39
 5.35
 5.77
 4.79
 4.61
 5.15
 4.91
 5.31
 4.97
 4.54
 4.50
 5.30
 5.72
 5.09
 4.96
 4.79
 5.31
 5.48
 4.97
 4.70
 4.44
 4.20
 5.34
 5.75
 5.09
 4.18
 5.21
 4.37
 4.58
 4.65
 3.81
 5.15
 4.89
 4.85
 5.21
 4.82
 5.63
 5.59
 4.61
 5.46
 4.69
 5.33
 5.20
 4.69
 5.06
 5.23
 4.85
 5.32
 5.31
 4.13
 6.17
 5.40
 6.25
 5.04
 4.77
 4.17
 4.04
 4.89
 4.54
 4.81
 4.43
 5.99
 4.83
 3.77
 4.94
 4.39
 4.69
 4.82
 4.55
 6.11
 4.57
 5.36
 4.12
 5.28
 4.62
 4.64
 4.98
 5.37
 4.66
 5.66
 5.18
 4.60
 4.74
 5.57
 4.58
 3.37
 3.91
 5.52
 4.70
 5.38
 5.07
 5.88
 4.43
 5.03
 5.13
 5.70
 5.49
 4.20
 5.02
 5.76
 5.68
 4.94
 6.18
 5.61
 5.06
 5.15
 4.54
 5.35
 4.74
 3.62
 5.04
 5.10
 4.61
 4.33
 4.63
 5.61
 5.27
 4.86
 4.24
 5.31
 4.87
 5.46
 4.50
 5.13
 4.33
 4.20
 4.92
 4.96
 4.43
 5.29
 4.79
 4.34
 4.22
 5.06
 4.35
 5.58
 5.22
 4.74
 4.78
 5.04
 4.58
 4.40
 4.54
 4.52
 5.54
 4.43
 5.10
 5.27
 5.04
 5.48
 5.09
 4.87
 4.55
 4.81
 4.10
 5.53
 4.01
 4.42
 5.46
 4.68
 4.94
 3.70
 5.69
 5.87
 5.57
 5.03
 4.32
 4.44
 5.37
 5.32
 4.22
 4.39
 5.06
 4.93
 5.28
 4.99
 4.96
 4.91
 5.93
 5.31
 4.78
 4.75
 4.20
 5.40
 4.98
 4.63
 6.03
 5.07
 5.14
 3.67
 5.67
 5.39
 5.38
 4.68
 5.41
 4.79
 4.95
 5.86
 5.63
 4.87
 6.10
 4.48
 5.77
 4.74
 5.03
 5.39
 5.63
 4.23
 5.71
 4.96
 5.25
 5.88
 4.84
 5.11
 5.06
 5.54
 4.43
 4.97
 5.13
 6.47
 4.86
 4.09
 5.44
 4.38
 4.98
 4.56
 5.20
 4.69
 5.00
 5.21
 5.61
 5.39
 5.29
 4.51
 5.09
 4.96
 5.12
 4.08
 4.46
 5.02
 5.36
 4.81
 4.99
 4.44
 6.32
 5.39
 4.51
 5.41
 5.70
 5.16
 5.71
 4.26
 4.79
 4.34
 5.15
 4.10
 4.64
 5.08
 5.03
 4.87
 4.80
 5.28
 5.07
 4.41
 4.21
 4.90
 5.34
 4.85
 4.95
 4.63
 5.49
 4.05
 5.61
 4.01
 4.98
 6.13
 3.89
 6.47
 5.25
 4.20
 4.44
 4.98
 5.47
 6.00
 4.48
 4.96
 5.11
 5.63
 5.11
 5.42
 5.03
 4.97
 5.04
 5.23
 4.70
 4.78
 4.47
 5.13
 5.04
 5.16
 3.97
 4.85
 5.44
 4.28
 4.03
 4.69
 5.42
 4.70
 5.51
 4.57
 4.84
 5.21
 5.21
 4.78
 4.81
 4.74
 5.36
 4.43
 5.12
 4.84
 4.78
 5.38
 5.08
 5.21
 5.51
 5.51
 5.09
 4.19
 5.45
 5.39
 4.88
 4.89
 5.45
 3.61
 5.05
 6.09
 5.53
 4.65
 4.79
 4.69
 4.33
 4.22
 4.92
 4.68
 5.43
 5.11
 5.31
 5.39
 5.35
 5.50
 5.30
 5.42
 5.13
 4.90
 4.56
 4.24
 5.57
 5.62
 4.62
 5.54
 6.23
 4.37
 4.94
 5.40
 4.95
 5.45
 5.04
 5.36
 4.74
 4.23
 5.54
 4.34
 4.65
 5.08
 4.55
 4.37
 4.98
 5.66
 5.82
 4.91
 4.98
 4.76
 5.27
 5.42
 5.39
 4.82
 4.92
 4.01
 4.96
 4.80
 5.39
 4.92
 5.99
 5.39
 3.73
 4.96
 5.32
 5.06
 4.55
 5.75
 4.69
 5.05
 5.43
 4.31
 5.21
 5.10
 4.64
 5.72
 5.10
 4.16
 5.87
 4.90
 5.27
 4.38
 5.10
 4.34
 5.40
 5.25
 5.59
 4.68
 5.14
 5.35
 5.57
 4.95
 5.01
 4.70
 4.79
 4.86
 4.91
 5.72
 4.51
 6.35
 5.50
 4.83
 4.80
 5.78
 5.11
 4.20
 5.18
 4.50
 5.21
 5.29
 4.86
 5.75
 4.59
 4.45
 5.07
 5.21
 4.29
 4.34
 4.12
 5.41
 5.44
 4.77
 5.05
 5.69
 5.05
 5.01
 5.10
 5.95
 4.75
 4.99
 4.92
 6.11
 4.45
 5.31
 5.46
 4.04
 4.50
 4.51
 4.67
 4.95
 4.58
 5.03
 4.45
 5.55
 5.32
 5.59
 5.14
 5.40
 4.54
 5.16
 4.80
 5.39
 5.96
 5.39
 4.88
 5.61
 5.46
 5.63
 5.40
 5.20
 4.16
 4.50
 4.78
 4.21
 4.58
 5.44
 5.21
 5.89
 5.41
 4.68
 4.78
 5.12
 5.52
 3.57
 4.58
 4.93
 4.43
 5.76
 6.08
 5.39
 4.87
 5.15
 5.59
 4.87
 5.10
 5.13
 5.73
 5.04
 4.60
 4.71
 5.31
 5.79
 5.01
 4.54
 4.80
 5.44
 4.95
 5.32
 4.58
 5.61
 5.41
 5.03
 4.72
 4.59
 4.50
 5.27
 5.89
 4.27
 5.43
 4.63
 5.36
 4.94
 4.86
 4.39
 4.57
 4.58
 5.42
 4.42
 5.43
 4.78
 4.63
 4.68
 5.66
 5.63
 4.61
 4.25
 4.08
 5.30
 4.99
 3.78
 4.35
 5.19
 5.79
 5.21
 4.97
 4.14
 5.87
 5.29
 4.91
 5.36
 5.03
 5.06
 4.32
 5.11
 5.04
 5.64
 5.41
 5.04
 4.54
 6.03
 5.75
 5.33
 5.13
 5.50
 5.19
 5.11
 4.35
 4.48
 5.85
 5.21
 4.85
 5.81
 5.86
 5.08
 5.65
 4.41
 4.46
 5.18
 5.39
 4.96
 5.36
 4.95
 4.85
 4.82
 4.23
 4.88
 5.11
 5.40
 4.83
 5.28
 5.44
 4.86
 4.77
 5.01
 3.85
 5.51
 4.71
 4.32
 4.95
 5.06
 4.87
 4.91
 4.01
 4.88
 5.62
 5.58
 5.26
 5.31
 5.55
 5.57
 4.83
 5.25
 5.37
 5.23
 5.72
 4.44
 5.30
 5.42
 5.36
 5.63
 4.20
 5.12
 5.21
 5.10
 5.26
 4.88
 5.48
 4.29
 5.11
 5.63
 4.40
 4.59
 4.98
 5.14
 5.07
 5.20
 5.09
 5.60
 4.53
 4.90
 4.65
 5.01
 4.43
 4.50
 5.63
 4.00
 5.25
 4.38
 5.42
 5.14
 5.31
 5.27
 4.77
 4.56
 5.15
 5.72
 4.80
 4.80
 5.56
 5.37
 5.49
 5.03
 5.74
 5.54
 5.36
 4.96
 5.30
 5.24
 5.11
 4.87
 5.03
 4.72
 4.78
 4.64
 5.94
 5.44
 5.14
 5.62
 4.44
 5.44
 5.45
 4.99
 4.77
 4.08
 4.87
 4.96
 4.44
 4.57
 4.56
 5.40
 5.20
 4.29
 4.90
 5.19
 5.14
 4.23
 5.37
 4.70
 4.56
 4.43
 4.42
 3.93
 5.33
 4.54
 4.21
 4.75
 4.24
 4.83
 5.63
 4.73
 5.72
 5.42
 4.36
 4.04
 4.22
 4.98
 4.74
 4.19
 4.78
 5.59
 5.11
 5.12
 5.20
 3.86
 5.66
 5.06
 5.62
 5.33
 5.81
 5.01
 5.51
 4.88
 5.58
 5.55
 5.04
 5.31
 4.83
 5.91
 4.98
 4.23
 5.13
 5.35
 5.05
 4.58
 5.21
 4.73
 4.73
 5.13
 5.42
 4.50
 5.44
 4.98
 4.97
 5.14
 5.95
 4.98
 5.59
 4.24
 4.95
 4.70
 4.84
 4.42
 4.90
 5.84
 5.79
 4.97
 4.96
 4.96
 4.94
 4.94
 5.54
 4.50
 4.83
 4.78
 4.74
 5.10
 5.14
 5.03
 4.42
 4.30
 6.05
 4.63
 4.86
 4.81
 4.75
 5.34
 4.83
 4.61
 5.13
 5.06
 5.37
 4.95
 5.24
 5.20
 5.48
 5.23
 4.97
 5.45
 5.27
 3.86
 5.59
 4.35
 4.20
 4.54
 4.42
 5.00
 5.11
 4.79
 5.10
 4.83
 5.15
 3.83
 4.64
 4.16
 5.00
 4.19
 5.42
 4.69
 5.86
 4.33
 4.94
 5.07
 4.97
 4.43
 5.08
 5.67
 4.54
 4.26
 4.14
 4.79
 5.16
 4.61
 4.87
 5.44
 5.50
 4.91
 3.84
 5.37
 4.59
 5.09
 4.44
 5.51
 4.32
 4.70
 4.95
 4.65
 4.98
 5.87
 5.52
 5.17
 5.48
 4.98
 5.81
 5.04
 5.19
 4.71
 4.65
 4.14
 5.33
 4.33
 4.92
 4.79
 5.09
 4.55
 4.65
 4.50
 4.00
 4.01
 5.54
 4.32
 5.34
 5.44
 4.86
 4.41
 5.09
 5.46
 5.02
 4.49
 5.46
 5.23
 5.31
 3.80
 4.78
 5.12
 5.43
 4.74
 4.95
 4.17
 4.46
 4.74
 4.59
 5.00
 4.77
 5.03
 4.65
 5.35
 4.91
 4.67
 5.37
 4.63
 4.69
 5.17
 5.01
 5.78
 4.22
 5.78
 5.33
 5.47
 5.24
 4.83
 5.26
 5.19
 5.24
 5.53
 5.20
 4.67
 5.05
 4.94
 4.67
 4.20
 4.83
 5.06
 5.77
 4.99
 4.99
 5.59
 5.18
 5.25
 4.69
 5.57
 5.44
 5.18
 5.48
 5.37
 4.17
 5.28
 4.70
 5.12
 5.38
 4.67
 5.05
 5.28
 4.99
 4.99
 5.63
 4.49
 5.33
 4.80
 5.37
 5.60
 4.45
 4.35
 5.14
 5.41
 4.59
 5.12
 4.05
 4.36
 4.81
 4.76
 5.23
 5.24
 4.40
 4.87
 5.13
 5.28
 5.07
 5.16
 4.93
 5.63
 4.88
 5.05
 5.00
 4.81
 5.22
 4.45
 4.87
 5.18
 4.63
 4.76
 4.47
 5.63
 5.36
 4.85
 5.36
 4.57
 5.06
 4.76
 5.05
 4.82
 4.84
 5.76
 4.08
 5.54
 4.56
 5.32
 5.76
 4.89
 5.63
 5.26
 5.89
 4.47
 5.38
 5.00
 5.46
 4.80
 5.03
 5.01
 5.81
 4.53
 5.96
 5.08
 4.78
 5.19
 5.01
 4.55
 4.68
 5.38
 4.85
 5.10
 4.35
 5.22
 5.45
 4.92
 4.01
 5.03
 4.37
 5.53
 5.33
 5.33
 4.10
 5.79
 5.32
 4.97
 5.61
 5.37
 4.90
 4.51
 4.70
 4.95
 5.84
 5.73
 5.62
 5.26
 5.10
 5.25
 5.43
 4.56
 5.11
 4.54
 5.14
 4.06
 4.71
 5.03
 4.27
 4.62
 5.09
 5.18
 5.66
 4.87
 5.89
 5.75
 4.20
 5.09
 4.96
 4.68
 4.43
 5.30
 6.11
 4.69
 4.96
 5.01
 5.38
 4.64
 5.06
 5.27
 5.09
 5.25
 5.88
 4.72
 5.17
 4.75
 4.44
 5.51
 4.91
 5.09
 4.60
 4.26
 4.21
 5.30
 4.64
 5.79
 4.27
 5.08
 4.89
 4.92
 4.98
 4.82
 5.53
 5.04
 5.55
 5.01
 5.08
 4.24
 4.66
 4.79
 4.74
 5.85
 5.28
 5.32
 3.97
 4.29
 5.45
 5.12
 5.52
 5.42
 4.45
 4.73
 5.95
 5.43
 5.55
 6.03
 4.16
 4.12
 5.52
 4.87
 5.15
 5.49
 4.98
 4.76
 5.16
 4.53
 4.72
 5.54
 4.92
 5.31
 4.67
 4.25
 4.80
 5.08
 4.38
 5.27
 4.82
 5.01
 4.41
 5.86
 4.80
 5.74
 5.01
 5.13
 5.07
 4.34
 5.24
 4.95
 3.98
 5.12
 4.21
 5.16
 4.98
 4.97
 4.60
 4.86
 4.81
 5.58
 5.27
 4.22
 4.86
 5.08
 4.78
 4.72
 5.04
 5.09
 5.23
 5.52
 5.02
 5.89
 4.03
 5.36
 5.16
 4.03
 4.90
 5.50
 5.56
 4.89
 5.49
 6.11
 6.01
 4.89
 4.55
 5.67
 4.41
 3.99
 4.35
 5.07
 5.76
 4.98
 5.27
 5.37
 4.56
 5.48
 5.54
 5.10
 4.54
 4.86
 4.70
 5.95
 5.17
 5.11
 4.63
 5.89
 5.50
 6.03
 4.80
 5.07
 4.72
 4.54
 5.36
 4.83
 5.49
 5.62
 3.91
 5.70
 5.64
 4.06
 4.59
 4.38
 5.15
 5.55
 4.32
 3.59
 5.54
 5.81
 5.43
 5.72
 4.73
 5.38
 5.08
 4.57
 5.54
 4.76
 5.43
 5.01
 4.80
 4.93
 5.17
 5.36
 5.03
 5.17
 5.32
 5.92
 5.37
 5.04
 4.36
 5.07
 4.15
 4.87
 4.26
 5.57
 4.74
 5.66
 4.97
 5.16
 4.71
 4.46
 5.39
 5.53
 5.79
 4.61
 3.98
 5.33
 5.30
 5.14
 4.72
 5.28
 4.85
 4.05
 5.85
 5.61
 4.57
 5.48
 4.22
 5.53
 4.97
 5.02
 4.75
 5.72
 5.12
 4.56
 5.14
 5.40
 5.52
 5.59
 4.10
 4.83
 5.13
 4.59
 4.68
 4.61
 5.15
 5.89
 4.50
 4.67
 4.76
 4.56
 4.29
 5.41
 5.60
 4.81
 4.62
 4.41
 5.11
 4.37
 4.70
 4.83
 4.89
 5.05
 4.79
 5.99
 4.68
 5.52
 5.59
 3.72
 4.90
 5.85
 5.10
 3.98
 4.88
 4.36
 4.36
 5.28
 5.25
 4.45
 5.24
 5.44
 5.57
 5.05
 4.60
 4.94
 4.72
 4.52
 4.96
 4.59
 5.10
 3.82
 4.77
 4.35
 4.86
 4.75
 4.81
 4.94
 4.71
 5.42
 4.61
 4.47
 4.75
 4.89
 5.05
 4.54
 5.13
 5.06
 5.33
 5.30
 5.12
 5.10
 5.22
 5.69
 5.07
 4.39
 4.99
 4.95
 4.40
 4.97
 4.77
 4.46
 4.96
 5.22
 5.08
 4.34
 5.14
 5.13
 5.24
 5.10
 4.92
 5.50
 5.05
 4.70
 4.53
 4.66
 5.06
 5.20
 5.06
 5.58
 5.18
 4.75
 4.47
 5.35
 4.80
 4.67
 6.01
 4.96
 5.12
 4.42
 5.34
 4.78
 5.21
 5.98
 4.40
 4.36
 4.98
 5.92
 5.13
 4.96
 4.52
 5.28
 5.47
 5.26
 5.10
 4.91
 5.21
 5.56
 5.17
 4.15
 4.26
 5.23
 4.69
 5.06
 4.91
 4.67
 4.95
 5.51
 5.09
 4.24
 4.92
 4.06
 5.16
 5.21
 5.44
 5.35
 5.94
 3.88
 5.71
 5.18
 5.01
 4.96
 4.78
 5.13
 5.01
 5.47
 5.09
 3.91
 4.42
 5.47
 4.54
 5.88
 4.79
 4.99
 5.35
 5.00
 4.88
 5.35
 4.74
 4.54
 3.80
 4.82
 4.67
 5.09
 4.42
 5.53
 4.98
 5.03
 4.91
 6.14
 5.19
 4.89
 5.13
 4.77
 4.66
 4.98
 4.45
 5.67
 5.17
 4.51
 5.17
 5.52
 5.54
 5.22
 4.91
 6.11
 4.85
 6.08
 4.34
 5.03
 4.61
 5.59
 4.64
 5.24
 5.61
 4.91
 4.83
 4.97
 3.59
 4.81
 4.61
 5.71
 4.43
 5.56
 4.60
 5.21
 4.55
 5.42
 5.33
 5.15
 5.14
 4.55
 4.53
 5.40
 4.55
 5.21
 5.25
 4.47
 5.35
 4.71
 4.67
 4.26
 5.74
 4.52
 4.71
 4.26
 4.67
 5.09
 4.61
 5.73
 5.23
 5.64
 4.00
 4.83
 5.32
 5.74
 4.32
 5.24
 5.34
 5.11
 4.82
 5.19
 6.05
 4.85
 5.07
 5.16
 4.07
 5.58
 4.47
 5.31
 5.18
 4.63
 5.91
 5.10
 5.96
 4.42
 4.63
 5.53
 5.14
 5.72
 5.26
 5.07
 5.45
 5.15
 4.26
 5.46
 4.95
 4.68
 5.37
 3.96
 5.03
 5.57
 5.65
 4.35
 5.31
 4.53
 5.48
 4.22
 5.04
 5.87
 4.84
 4.85
 5.32
 5.26
 3.94
 5.23
 5.18
 4.82
 4.79
 5.29
 4.71
 5.06
 5.05
 4.76
 4.23
 4.91
 4.90
 4.08
 4.59
 5.06
 4.73
 4.63
 5.44
 5.14
 5.53
 5.48
 4.44
 5.53
 5.59
 4.97
 5.84
 5.19
 5.53
 4.46
 4.22
 4.81
 4.54
 5.56
 5.27
 5.35
 4.20
 4.63
 5.74
 4.53
 4.52
 5.45
 5.06
 5.62
 4.50
 5.64
 5.32
 4.85
 5.60
 5.69
 5.06
 5.78
 5.55
 4.62
 5.24
 5.72
 5.48
 4.73
 5.30
 5.42
 4.98
 4.11
 5.09
 4.94
 4.77
 6.18
 4.85
 4.74
 5.17
 5.15
 4.10
 5.67
 4.62
 4.40
 5.71
 6.06
 5.21
 4.98
 4.31
 4.59
 4.68
 5.41
 4.18
 4.67
 5.88
 5.44
 4.68
 5.45
 5.80
 4.96
 4.71
 5.03
 5.44
 5.07
 5.31
 4.85
 4.89
 4.84
 4.95
 4.95
 4.83
 5.09
 4.82
 4.74
 5.01
 5.37
 5.50
 4.61
 4.92
 5.36
 5.22
 5.27
 5.11
 4.75
 4.65
 4.58
 4.46
 5.78
 5.42
 4.99
 3.69
 5.44
 4.27
 4.50
 4.47
 5.53
 4.35
 5.14
 5.92
 5.03
 5.86
 4.52
 5.25
 4.83
 4.45
 5.08
 5.46
 5.05
 3.97
 5.44
 5.14
 4.54
 4.91
 4.59
 5.34
 5.87
 4.99
 4.16
 5.11
 4.49
 5.15
 5.67
 4.18
 4.87
 4.87
 4.63
 4.60
 4.44
 4.98
 4.44
 5.19
 5.62
 5.98
 4.73
 5.37
 4.38
 5.14
 4.51
 5.87
 4.64
 5.54
 4.42
 5.37
 5.66
 4.82
 4.47
 5.08
 4.73
 5.68
 4.70
 4.33
 4.61
 4.57
 6.08
 5.32
 5.15
 4.61
 5.23
 4.92
 6.16
 4.67
 5.57
 5.89
 4.46
 4.56
 5.16
 5.69
 4.95
 5.34
 4.60
 5.01
 4.68
 4.66
 5.54
 5.39
 4.61
 4.66
 5.18
 4.97
 4.86
 5.66
 4.33
 5.01
 5.09
 5.48
 5.54
 5.60
 4.69
 5.03
 5.04
 5.27
 5.21
 4.36
 5.83
 4.66
 4.61
 4.12
 4.57
 4.77
 5.35
 4.39
 4.55
 5.35
 5.26
 4.96
 5.36
 5.28
 5.52
 4.41
 4.99
 5.33
 5.37
 4.84
 5.09
 5.05
 5.66
 4.87
 5.38
 4.91
 4.89
 5.32
 5.34
 5.16
 4.85
 5.83
 5.45
 5.64
 4.98
 5.55
 4.54
 5.35
 4.78
 3.84
 4.96
 5.35
 5.12
 5.27
 5.06
 4.56
 4.54
 5.77
 5.92
 5.73
 4.03
 4.90
 4.27
 5.22
 4.88
 4.84
 4.94
 5.27
 4.94
 3.99
 4.69
 5.09
 4.74
 6.01
 5.32
 5.26
 6.09
 4.54
 5.18
 4.29
 4.47
 4.64
 5.66
 4.76
 5.76
 4.95
 5.25
 4.63
 5.02
 4.64
 5.02
 5.33
 5.73
 3.90
 5.94
 4.59
 4.70
 5.52
 4.99
 4.90
 4.62
 4.60
 4.84
 5.41
 5.42
 4.45
 4.70
 4.71
 3.89
 4.69
 5.03
 4.32
 4.37
 4.89
 4.92
 3.35
 4.62
 4.31
 5.81
 5.22
 4.80
 5.15
 4.34
 4.26
 4.08
 4.80
 5.61
 5.45
 5.36
 5.06
 5.45
 5.56
 4.58
 5.48
 5.45
 5.30
 5.24
 6.25
 5.45
 4.75
 5.59
 4.49
 5.14
 4.03
 5.53
 5.28
 4.94
 5.45
 4.94
 4.87
 4.65
 4.76
 4.88
 4.79
 5.47
 5.52
 5.08
 5.18
 5.02
 5.15
 5.20
 5.09
 4.16
 4.36
 4.70
 4.77
 4.58
 4.90
 5.96
 5.23
 4.58
 5.21
 4.82
 5.14
 4.02
 4.95
 5.46
 4.81
 5.44
 4.56
 4.55
 5.58
 5.22
 5.17
 4.91
 5.03
 4.65
 5.62
 4.77
 4.68
 4.75
 4.84
 5.58
 5.49
 5.55
 5.10
 4.18
 4.66
 4.91
 3.86
 4.67
 4.45
 5.47
 5.71
 6.26
 4.39
 4.61
 5.62
 5.37
 4.38
 5.80
 5.15
 4.60
 4.80
 4.82
 4.87
 5.48
 5.52
 4.71
 4.83
 5.16
 4.03
 5.13
 4.87
 4.20
 4.67
 5.85
 5.23
 5.47
 4.26
 4.70
 5.39
 4.42
 4.59
 4.96
 5.52
 5.45
 4.53
 5.42
 4.96
 5.23
 4.32
 5.24
 5.52
 4.07
 4.48
 4.23
 5.44
 5.28
 4.64
 4.45
 4.44
 4.83
 5.28
 4.97
 5.50
 4.91
 4.37
 4.30
 5.10
 5.82
 5.66
 5.02
 5.42
 5.57
 4.48
 4.98
 5.37
 4.92
 5.20
 4.63
 4.87
 5.03
 5.46
 4.69
 5.35
 4.86
 4.78
 5.44
 5.80
 4.71
 5.11
 4.35
 4.36
 5.13
 5.38
 4.66
 3.96
 4.52
 4.72
 4.99
 6.01
 5.77
 5.60
 5.47
 4.45
 5.10
 5.79
 5.06
 4.23
 4.73
 5.48
 5.28
 4.75
 5.06
 4.37
 5.34
 5.54
 4.75
 5.31
 4.32
 5.13
 5.10
 4.98
 4.99
 5.54
 4.67
 5.78
 4.25
 4.61
 5.46
 4.96
 5.11
 3.99
 5.44
 5.58
 5.01
 5.56
 5.63
 4.66
 5.84
 3.99
 5.39
 5.37
 4.55
 5.20
 5.49
 4.71
 5.00
 5.46
 4.81
 4.90
 5.41
 5.02
 4.66
 4.73
 4.90
 5.45
 4.84
 4.75
 5.61
 5.64
 4.78
 4.79
 5.67
 4.93
 4.34
 5.71
 4.37
 5.72
 5.34
 5.63
 4.99
 5.64
 5.08
 4.69
 5.29
 4.81
 5.08
 5.21
 5.14
 4.09
 4.33
 4.34
 5.87
 4.75
 5.17
 5.48
 5.04
 5.16
 4.93
 5.46
 4.66
 4.87
 5.35
 4.53
 5.53
 4.42
 4.89
 5.26
 5.21
 4.82
 5.05
 4.58
 4.81
 5.31
 4.81
 3.86
 6.01
 5.21
 4.59
 5.01
 5.79
 4.96
 4.78
 4.77
 4.82
 5.75
 4.82
 6.21
 4.88
 4.95
 4.63
 6.09
 4.91
 4.98
 5.07
 5.04
 5.39
 4.80
 5.28
 5.15
 4.84
 4.40
 4.94
 5.19
 4.96
 5.16
 4.66
 5.14
 4.82
 5.08
 4.62
 4.62
 5.06
 5.03
 4.87
 4.92
 4.73
 5.37
 4.93
 4.54
 4.90
 4.55
 5.20
 4.05
 4.17
 3.77
 5.18
 4.06
 4.89
 4.97
 4.71
 4.78
 6.26
 5.11
 4.51
 5.23
 5.18
 5.79
 5.46
 4.86
 5.15
 5.69
 5.65
 4.22
 5.99
 4.68
 5.16
 5.32
 5.66
 5.47
 5.52
 4.73
 5.70
 6.27
 4.44
 5.51
 5.43
 4.03
 4.11
 5.22
 5.78
 5.07
 5.48
 5.74
 4.96
 4.65
 4.19
 4.89
 5.44
 5.65
 5.77
 4.85
 4.99
 5.05
 5.00
 5.49
 5.73
 4.25
 5.43
 4.22
 4.12
 5.27
 4.99
 4.98
 4.96
 4.76
 5.46
 4.16
 4.91
 5.46
 5.90
 4.79
 5.57
 4.50
 4.99
 4.93
 5.96
 4.67
 4.68
 4.77
 4.56
 4.57
 5.32
 5.10
 5.56
 4.73
 5.00
 5.96
 4.60
 5.08
 5.46
 5.94
 4.45
 5.14
 5.18
 4.96
 5.64
 5.52
 4.15
 4.85
 5.62
 3.90
 4.31
 5.66
 4.86
 4.71
 4.39
 5.12
 5.95
 5.37
 3.84
 5.44
 4.68
 4.80
 4.34
 4.15
 5.19
 4.54
 4.41
 4.88
 4.47
 5.32
 5.68
 5.14
 4.57
 4.03
 6.13
 4.59
 4.27
 5.94
 5.29
 4.44
 4.80
 5.87
 4.47
 5.50
 4.81
 4.99
 4.44
 5.23
 5.78
 5.12
 4.49
 5.35
 4.72
 4.43
 5.19
 3.81
 5.96
 5.28
 5.60
 5.39
 4.44
 5.04
 5.77
 5.23
 5.11
 5.20
 5.42
 4.60
 4.80
 5.25
 4.81
 4.39
 4.78
 5.33
 4.33
 5.16
 5.24
 4.70
 5.34
 5.89
 5.05
 5.13
 5.19
 5.44
 5.08
 5.56
 5.59
 5.66
 4.84
 4.46
 5.05
 5.16
 4.75
 4.59
 5.15
 4.82
 4.85
 5.15
 4.52
 5.90
 5.15
 5.58
 5.32
 4.33
 4.62
 4.53
 5.65
 5.00
 4.15
 5.27
 4.90
 4.86
 5.85
 5.72
 4.98
 5.16
 4.81
 5.15
 5.18
 4.80
 6.04
 5.62
 5.23
 4.79
 5.29
 5.34
 4.02
 5.43
 4.93
 4.25
 5.57
 5.38
 4.46
 4.13
 6.14
 5.00
 5.50
 5.10
 5.17
 5.66
 5.42
 4.17
 5.36
 4.37
 4.93
 4.75
 4.66
 5.57
 5.14
 5.48
 4.39
 5.32
 5.50
 5.01
 4.52
 5.30
 5.46
 5.31
 4.79
 5.04
 5.08
 4.77
 4.47
 5.46
 5.28
 6.17
 5.40
 5.27
 5.89
 4.55
 4.09
 4.70
 5.64
 4.69
 5.53
 4.97
 4.45
 4.96
 5.89
 5.38
 4.63
 5.94
 5.13
 5.65
 5.12
 5.81
 5.23
 5.18
 4.79
 4.61
 6.22
 5.64
 5.21
 5.24
 4.63
 5.40
 4.82
 4.42
 4.81
 5.36
 5.42
 5.22
 5.08
 4.64
 5.29
 5.11
 4.07
 5.61
 5.07
 4.53
 4.76
 4.88
 5.28
 5.52
 5.31
 5.47
 4.83
 4.74
 4.54
 5.34
 4.52
 4.68
 5.90
 4.29
 4.18
 5.10
 5.66
 4.93
 4.89
 4.59
 4.12
 4.78
 4.72
 6.09
 4.13
 5.14
 4.20
 5.15
 4.70
 4.47
 5.43
 4.86
 5.74
 4.97
 4.94
 4.83
 5.58
 5.23
 4.28
 5.63
 5.27
 5.13
 4.72
 5.96
 5.49
 4.27
 5.34
 5.66
 4.79
 3.94
 4.65
 5.03
 4.55
 4.97
 5.13
 5.42
 4.55
 4.80
 5.07
 5.97
 5.65
 4.59
 4.81
 4.35
 5.45
 5.72
 4.48
 5.06
 4.95
 4.32
 4.83
 5.36
 5.03
 4.75
 5.52
 4.77
 5.14
 4.73
 5.91
 5.69
 4.98
 5.15
 5.08
 4.78
 6.01
 5.09
 4.88
 5.70
 5.14
 4.48
 5.19
 5.22
 5.09
 5.37
 5.33
 4.17
 5.63
 4.07
 4.67
 5.73
 5.26
 4.86
 4.73
 5.08
 5.16
 4.77
 5.32
 4.72
 5.19
 5.47
 4.78
 4.65
 4.78
 4.61
 4.95
 4.59
 5.07
 5.05
 4.93
 6.03
 5.02
 4.50
 4.85
 4.94
 5.18
 4.83
 4.67
 4.53
 5.71
 4.57
 4.69
 5.06
 5.64
 4.85
 4.76
 5.91
 5.75
 4.54
 4.93
 4.63
 5.09
 5.25
 5.21
 4.70
 3.68
 3.83
 5.13
 4.04
 4.85
 6.26
 5.59
 4.89
 4.36
 5.27
 5.31
 4.27
 4.52
 5.55
 4.73
 5.36
 4.81
 4.80
 5.00
 5.44
 5.31
 6.18
 4.32
 4.67
 4.91
 5.67
 4.41
 5.02
 5.40
 4.31
 4.51
 5.75
 5.56
 4.85
 5.58
 5.28
 5.23
 5.80
 4.84
 4.56
 4.60
 5.20
 4.97
 5.11
 4.40
 5.02
 5.40
 5.12
 5.14
 3.89
 4.73
 5.82
 4.63
 5.33
 4.85
 4.00
 4.83
 5.00
 5.04
 4.70
 5.09
 4.17
 4.24
 4.84
 4.77
 4.50
 4.28
 4.31
 4.68
 5.20
 5.99
 4.82
 4.75
 4.69
 5.36
 4.99
 4.87
 5.94
 4.80
 4.35
 5.71
 5.12
 5.52
 4.76
 5.39
 5.76
 5.52
 5.10
 5.17
 3.58
 3.86
 4.67
 4.15
 4.48
 4.73
 5.29
 4.75
 4.81
 5.11
 5.19
 5.90
 4.54
 5.26
 5.99
 5.12
 5.46
 5.42
 4.55
 5.43
 4.70
 4.71
 4.31
 4.51
 4.64
 4.88
 4.45
 5.42
 3.89
 4.23
 4.91
 4.60
 4.14
 4.54
 5.23
 4.21
 5.51
 4.68
 5.79
 5.13
 5.15
 5.13
 6.07
 5.63
 5.23
 5.36
 4.98
 4.66
 4.13
 4.65
 3.97
 5.08
 5.66
 5.59
 5.15
 5.22
 4.68
 3.98
 5.80
 4.49
 5.26
 3.85
 4.79
 4.79
 5.13
 5.41
 4.85
 4.69
 4.55
 4.99
 5.02
 5.33
 5.40
 5.28
 5.11
 4.44
 4.43
 4.32
 5.10
 5.11
 5.06
 5.32
 4.50
 4.37
 4.92
 4.94
 6.03
 4.50
 4.93
 5.57
 4.30
 4.18
 5.08
 4.60
 4.79
 5.92
 4.93
 4.94
 5.07
 4.64
 5.53
 5.00
 4.88
 4.73
 3.94
 4.49
 4.92
 4.62
 4.74
 4.95
 5.14
 4.80
 5.51
 4.92
 4.91
 5.62
 5.22
 5.86
 5.57
 5.13
 4.91
 4.59
 4.48
 5.45
 5.16
 5.64
 5.44
 5.33
 4.45
 5.38
 5.96
 5.57
 5.06
 4.96
 4.74
 4.63
 4.93
 5.20
 4.99
 4.05
 5.39
 4.91
 5.51
 4.81
 4.79
 4.67
 5.82
 5.45
 5.35
 4.24
 5.30
 4.38
 4.73
 5.13
 5.10
 6.03
 5.29
 5.60
 4.21
 4.21
 4.34
 5.41
 5.47
 5.93
 5.18
 4.95
 4.90
 4.44
 5.35
 5.61
 5.24
 4.29
 4.77
 5.30
 4.87
 5.34
 4.47
 5.42
 4.43
 4.74
 4.93
 4.71
 5.40
 4.83
 5.12
 5.35
 5.10
 4.38
 4.33
 4.93
 4.73
 4.32
 5.23
 5.62
 4.66
 5.31
 6.15
 4.85
 5.43
 4.71
 5.93
 5.20
 5.22
 4.34
 5.45
 4.47
 4.64
 3.89
 4.63
 5.21
 5.43
 4.85
 5.08
 5.61
 4.56
 4.89
 4.72
 4.92
 4.65
 4.65
 5.10
 4.90
 4.97
 4.24
 5.76
 5.92
 4.87
 3.83
 4.27
 4.34
 5.16
 4.67
 5.81
 4.89
 4.87
 5.53
 4.39
 5.38
 5.76
 4.97
 5.92
 4.58
 5.52
 5.24
 5.10
 4.86
 5.90
 5.29
 4.38
 4.63
 5.23
 4.44
 5.50
 5.89
 5.08
 4.28
 5.24
 5.03
 4.94
 4.11
 4.57
 4.87
 4.89
 4.46
 4.74
 4.37
 4.21
 5.00
 5.95
 5.37
 5.24
 4.76
 4.85
 4.91
 4.67
 5.48
 5.05
 4.57
 5.06
 4.98
 6.04
 6.22
 4.21
 5.29
 4.88
 5.41
 5.29
 4.36
 4.49
 5.24
 5.14
 5.67
 4.74
 4.84
 3.96
 5.72
 5.66
 5.34
 4.94
 4.71
 4.76
 3.98
 5.62
 4.72
 4.96
 4.97
 5.23
 3.48
 3.73
 5.18
 4.53
 5.61
 5.35
 4.61
 5.33
 5.09
 5.04
 4.28
 4.98
 5.15
 5.59
 5.82
 5.42
 5.22
 4.27
 5.29
 4.85
 4.62
 5.66
 4.83
 5.34
 4.63
 4.02
 5.06
 5.83
 4.33
 5.92
 5.50
 4.94
 4.49
 4.92
 4.21
 4.20
 5.10
 5.44
 5.63
 5.49
 4.42
 4.67
 4.07
 4.64
 4.83
 5.04
 4.63
 5.06
 5.22
 4.94
 5.69
 5.57
 5.51
 5.44
 4.55
 5.03
 4.70
 5.54
 5.27
 5.02
 5.93
 5.91
 4.83
 4.62
 5.06
 4.99
 4.92
 4.50
 5.73
 4.92
 5.34
 5.32
 5.11
 4.27
 5.64
 4.66
 4.79
 5.24
 6.14
 5.35
 4.68
 4.37
 5.18
 5.46
 5.27
 5.09
 4.70
 5.13
 4.82
 4.57
 4.46
 5.79
 6.23
 5.33
 5.08
 4.96
 4.82
 4.04
 5.43
 5.13
 4.57
 4.61
 4.98
 5.05
 5.46
 5.54
 5.56
 4.23
 5.19
 5.29
 4.59
 4.89
 5.03
 4.91
 4.33
 4.60
 5.16
 5.98
 4.38
 4.65
 4.32
 5.39
 5.13
 5.20
 4.94
 4.41
 5.06
 4.97
 4.44
 5.08
 5.11
 5.29
 4.98
 5.46
 4.63
 5.55
 5.42
 4.79
 4.98
 5.06
 5.55
 5.11
 4.49
 5.19
 5.29
 5.59
 5.74
 5.03
 5.47
 4.73
 5.92
 4.22
 4.64
 4.58
 5.26
 5.40
 5.04
 4.49
 5.01
 6.26
 4.67
 5.97
 4.42
 4.99
 4.63
 4.69
 4.61
 5.44
 6.36
 5.09
 5.10
 6.06
 4.96
 4.92
 5.30
 4.42
 4.67
 5.60
 4.51
 5.37
 5.42
 5.63
 4.84
 4.81
 5.45
 4.29
 4.53
 5.71
 4.73
 4.66
 4.56
 5.22
 4.93
 4.28
 5.86
 5.79
 4.97
 5.10
 4.87
 5.31
 5.03
 4.94
 4.95
 4.73
 4.66
 5.08
 4.66
 5.07
 5.01
 5.01
 4.40
 5.04
 4.34
 4.25
 5.37
 4.25
 4.53
 4.57
 5.01
 5.66
 4.28
 4.83
 4.98
 5.14
 5.31
 4.81
 5.59
 4.91
 5.20
 4.19
 5.11
 5.46
 3.80
 5.12
 4.47
 4.44
 5.32
 5.17
 4.66
 5.52
 4.33
 5.00
 4.57
 5.23
 4.64
 3.88
 5.27
 5.48
 4.94
 5.03
 4.41
 5.23
 3.91
 4.95
 4.14
 4.24
 4.20
 4.70
 5.32
 4.55
 4.61
 5.48
 5.03
 5.43
 5.05
 4.73
 5.32
 4.82
 4.93
 5.48
 5.19
 4.61
 4.93
 5.32
 5.57
 5.32
 4.80
 4.68
 4.62
 5.93
 6.11
 4.22
 4.53
 5.73
 4.28
 4.82
 4.71
 3.55
 5.25
 5.07
 5.16
 4.97
 5.08
 5.99
 4.91
 5.10
 5.90
 5.46
 5.20
 5.02
 4.77
 4.74
 4.80
 4.58
 5.22
 4.99
 5.20
 4.30
 5.19
 4.86
 5.12
 5.68
 5.17
 5.34
 5.22
 5.26
 4.60
 4.12
 5.68
 4.66
 5.08
 4.24
 5.16
 4.84
 5.05
 5.36
 4.89
 5.51
 4.99
 5.07
 5.08
 5.87
 5.30
 5.52
 5.34
 5.18
 5.76
 5.21
 5.20
 5.64
 5.88
 5.43
 4.62
 5.45
 4.39
 4.92
 5.30
 3.91
 3.97
 5.78
 4.80
 4.62
 5.62
 4.63
 5.90
 5.16
 5.19
 4.77
 5.52
 5.41
 5.65
 5.38
 4.63
 5.28
 5.83
 5.52
 4.55
 4.12
 5.03
 4.54
 5.08
 4.61
 4.42
 4.72
 5.19
 5.71
 4.97
 5.34
 5.04
 3.84
 5.54
 4.99
 5.36
 4.36
 5.39
 4.33
 6.06
 5.69
 3.76
 4.99
 5.05
 5.18
 4.87
 4.46
 4.68
 4.60
 4.45
 4.81
 5.71
 5.19
 4.75
 3.82
 5.66
 5.31
 5.15
 4.86
 5.23
 5.02
 6.14
 4.92
 5.16
 4.48
 4.28
 4.88
 5.66
 5.28
 4.24
 4.36
 5.35
 4.82
 4.48
 5.42
 4.92
 5.65
 4.40
 4.95
 5.26
 5.19
 5.30
 5.52
 5.89
 5.97
 4.88
 5.02
 5.58
 4.39
 4.47
 4.90
 5.88
 5.05
 5.40
 4.82
 4.03
 4.91
 5.14
 5.05
 5.21
 4.83
 5.58
 5.69
 4.58
 5.66
 4.84
 4.09
 4.61
 5.94
 5.04
 5.09
 5.78
 4.41
 4.58
 5.02
 6.59
 4.98
 5.31
 5.05
 4.19
 6.03
 5.34
 5.47
 4.48
 5.06
 4.58
 5.92
 5.64
 4.56
 5.07
 5.07
 5.35
 6.04
 5.54
 4.49
 5.82
 5.82
 4.84
 4.52
 4.33
 5.45
 4.98
 5.04
 5.83
 4.94
 4.40
 5.49
 4.96
 5.67
 4.23
 4.88
 4.90
 5.19
 5.27
 5.83
 5.33
 4.53
 5.70
 5.04
 4.82
 4.14
 4.06
 5.34
 4.46
 5.23
 4.88
 5.15
 4.99
 4.69
 5.17
 5.20
 4.18
 4.12
 4.46
 4.25
 5.21
 5.30
 5.27
 4.92
 5.67
 5.44
 5.80
 3.63
 4.52
 4.46
 5.10
 4.94
 4.43
 5.26
 4.22
 4.70
 4.92
 4.90
 4.41
 4.50
 5.90
 5.42
 4.20
 4.47
 5.44
 5.39
 4.67
 4.26
 5.33
 4.86
 4.69
 4.01
 4.81
 4.56
 4.88
 5.02
 4.72
 4.67
 5.59
 5.23
 4.70
 4.69
 5.08
 4.25
 4.35
 4.09
 5.11
 6.07
 5.29
 4.70
 5.20
 5.14
 5.00
 5.56
 4.46
 4.78
 6.46
 5.23
 5.15
 4.99
 4.70
 5.07
 5.57
 5.45
 4.14
 4.33
 4.65
 5.82
 5.50
 5.31
 4.93
 3.84
 5.12
 5.16
 5.13
 4.98
 5.26
 4.17
 4.66
 3.99
 4.52
 4.86
 5.25
 4.94
 4.27
 5.26
 4.19
 5.14
 4.54
 4.98
 5.41
 4.19
 4.86
 4.91
 5.06
 5.07
 5.30
 4.36
 4.65
 5.19
 4.75
 4.12
 4.99
 3.66
 5.09
 4.39
 4.78
 6.03
 5.63
 5.31
 5.07
 4.36
 4.28
 4.36
 5.46
 5.67
 4.20
 3.69
 4.31
 4.73
 5.11
 5.80
 5.78
 5.34
 5.24
 5.69
 3.77
 4.36
 4.22
 4.42
 4.50
 5.07
 4.68
 4.90
 4.87
 5.96
 5.63
 5.33
 5.08
 5.04
 4.89
 5.33
 4.38
 5.18
 4.46
 5.46
 5.32
 5.48
 5.31
 4.29
 5.70
 4.78
 4.43
 5.22
 4.70
 4.56
 4.92
 5.06
 5.01
 5.95
 4.76
 4.76
 3.62
 4.67
 4.65
 5.30
 5.03
 6.37
 5.34
 4.48
 4.40
 5.02
 4.64
 5.12
 4.52
 5.28
 4.80
 4.68
 5.08
 5.84
 5.18
 5.53
 4.71
 5.44
 4.76
 5.60
 4.97
 4.63
 3.90
 4.12
 4.89
 4.93
 5.03
 5.12
 5.31
 5.03
 5.20
 6.06
 4.44
 4.52
 6.00
 4.53
 4.86
 4.84
 5.21
 4.85
 5.43
 6.22
 4.85
 4.88
 4.76
 5.43
 5.35
 4.65
 5.08
 4.70
 4.94
 5.54
 4.66
 5.28
 4.51
 4.35
 5.30
 5.60
 4.98
 5.03
 4.19
 4.60
 4.60
 5.34
 5.36
 4.93
 5.90
 5.41
 4.49
 4.64
 4.65
 4.69
 4.90
 4.65
 4.43
 5.06
 5.53
 4.12
 5.83
 6.15
 5.83
 5.48
 4.31
 3.97
 4.55
 5.20
 5.19
 5.45
 5.08
 4.78
 3.93
 4.26
 5.16
 5.20
 4.58
 4.96
 4.32
 5.29
 5.36
 5.03
 4.47
 4.65
 5.70
 5.86
 4.28
 4.37
 5.72
 4.42
 6.19
 4.56
 5.28
 4.71
 5.76
 4.45
 5.35
 4.61
 4.15
 5.19
 4.98
 5.83
 4.92
 4.94
 4.80
 5.36
 5.41
 3.90
 4.69
 4.07
 6.00
 4.56
 4.54
 5.40
 4.59
 4.96
 4.75
 5.06
 4.92
 5.53
 4.84
 5.27
 4.64
 5.02
 4.63
 6.09
 4.58
 4.94
 5.30
 4.96
 5.21
 5.53
 4.96
 5.01
 4.60
 4.41
 4.95
 4.40
 4.91
 4.99
 5.45
 6.26
 4.99
 4.94
 5.06
 5.38
 4.50
 5.33
 5.04
 4.64
 5.38
 4.93
 4.36
 5.57
 5.12
 5.03
 4.80
 5.12
 5.37
 5.04
 5.85
 5.07
 4.51
 4.36
 5.22
 4.80
 5.57
 4.95
 4.89
 4.28
 4.56
 5.20
 4.49
 4.89
 6.15
 4.58
 4.45
 4.98
 6.52
 4.01
 5.18
 4.89
 5.10
 4.35
 4.76
 5.02
 4.95
 4.01
 5.23
 5.67
 5.34
 5.93
 4.74
 4.60
 4.18
 5.82
 4.75
 4.94
 4.87
 5.46
 4.63
 4.99
 4.47
 5.07
 5.31
 4.40
 4.85
 4.96
 4.07
 5.01
 5.31
 4.60
 5.14
 5.25
 4.98
 4.83
 4.93
 4.28
 5.98
 5.56
 5.13
 4.85
 4.95
 4.40
 4.71
 4.92
 5.45
 5.06
 5.52
 4.92
 4.92
 4.40
 5.31
 4.40
 4.28
 5.89
 4.65
 5.05
 5.58
 5.13
 4.36
 5.55
 3.67
 4.62
 5.04
 5.26
 4.07
 5.63
 5.56
 5.16
 4.24
 5.35
 5.95
 5.37
 5.51
 4.52
 5.09
 5.14
 4.68
 4.52
 5.41
 4.39
 4.38
 5.47
 4.43
 5.46
 4.45
 5.10
 4.46
 4.21
 4.53
 5.30
 4.45
 5.35
 5.48
 5.20
 4.80
 5.49
 5.01
 4.82
 4.69
 4.99
 6.00
 5.32
 4.61
 5.49
 4.33
 5.24
 4.83
 4.98
 5.57
 4.79
 4.75
 4.83
 4.95
 3.91
 5.64
 5.21
 5.11
 4.97
 4.88
 4.97
 4.78
 5.07
 5.73
 5.01
 4.74
 5.94
 5.24
 4.64
 5.83
 5.90
 5.20
 4.95
 4.39
 4.25
 4.88
 5.49
 4.44
 4.99
 5.17
 4.24
 4.61
 5.18
 5.19
 5.04
 5.65
 4.85
 5.28
 4.88
 4.41
 6.06
 5.31
 4.39
 5.84
 5.83
 4.66
 4.96
 4.21
 5.10
 4.61
 4.80
 4.67
 4.64
 5.41
 5.10
 6.57
 5.72
 5.59
 4.91
 5.13
 5.55
 5.18
 5.72
 5.68
 5.14
 5.49
 4.27
 4.69
 5.36
 5.03
 4.99
 4.05
 5.52
 4.89
 5.16
 4.44
 4.81
 4.42
 5.60
 5.07
 4.41
 5.33
 5.45
 5.31
 4.74
 4.96
 5.69
 4.69
 4.63
 5.56
 5.18
 3.73
 4.44
 4.60
 4.56
 4.60
 5.04
 5.26
 5.84
 4.99
 4.46
 4.50
 5.76
 5.39
 4.03
 5.28
 5.30
 6.61
 6.10
 5.68
 3.96
 5.17
 5.46
 4.47
 4.36
 5.38
 5.17
 5.50
 4.83
 6.11
 5.96
 4.75
 5.18
 5.27
 5.64
 4.74
 5.49
 5.33
 5.25
 5.38
 5.12
 4.18
 5.80
 4.54
 5.58
 5.40
 5.75
 4.58
 5.42
 5.22
 4.86
 5.11
 4.47
 4.61
 4.32
 5.94
 5.49
 4.88
 4.17
 5.34
 4.80
 4.78
 5.34
 4.55
 5.03
 5.33
 5.52
 5.07
 5.24
 4.84
 5.14
 4.72
 5.07
 5.47
 5.99
 5.60
 5.25
 6.11
 5.40
 5.25
 5.13
 5.87
 5.55
 5.09
 6.00
 5.21
 4.92
 5.61
 5.11
 4.56
 5.80
 5.67
 5.13
 4.87
 5.52
 5.30
 4.65
 5.20
 5.08
 5.22
 4.31
 4.88
 4.52
 4.44
 4.65
 5.61
 4.54
 5.55
 4.83
 5.36
 5.07
 3.85
 4.44
 4.62
 5.13
 5.11
 5.53
 4.11
 4.91
 5.21
 5.34
 6.29
 5.70
 4.76
 4.24
 5.05
 5.99
 5.39
 4.91
 5.20
 5.96
 4.94
 4.96
 5.45
 5.11
 5.42
 5.02
 3.90
 5.37
 5.21
 6.02
 5.36
 5.54
 5.36
 4.80
 4.51
 4.83
 4.09
 4.62
 4.46
 5.06
 5.58
 4.43
 4.91
 4.72
 4.96
 5.49
 5.29
 4.54
 5.30
 4.74
 5.33
 5.18
 5.15
 4.51
 4.27
 5.70
 4.50
 5.47
 4.31
 4.01
 4.83
 4.32
 5.47
 4.91
 5.70
 3.93
 4.65
 5.40
 5.19
 5.02
 6.36
 3.95
 5.52
 4.62
 5.06
 4.78
 4.97
 4.51
 4.58
 3.92
 4.40
 4.61
 5.03
 5.17
 5.07
 4.73
 4.39
 4.72
 5.39
 4.23
 5.41
 4.89
 5.04
 4.79
 5.28
 5.21
 4.63
 5.18
 5.45
 4.87
 5.39
 4.19
 4.39
 4.39
 4.59
 5.63
 4.93
 4.27
 6.19
 5.22
 4.55
 4.10
 4.85
 4.61
 4.92
 5.02
 5.74
 5.06
 5.23
 5.54
 5.32
 4.98
 4.08
 4.90
 4.86
 5.14
 5.83
 4.28
 5.18
 4.88
 4.53
 5.19
 5.21
 4.38
 4.80
 5.04
 5.59
 5.02
 4.90
 4.17
 4.34
 5.27
 5.68
 4.42
 4.33
 5.06
 5.39
 4.47
 5.61
 4.52
 4.88
 5.16
 3.92
 5.14
 5.79
 4.62
 4.46
 4.60
 3.98
 4.79
 5.38
 5.18
 5.77
 5.46
 6.32
 4.83
 5.58
 4.85
 5.69
 5.06
 5.07
 5.07
 5.94
 4.40
 5.84
 5.69
 5.01
 5.11
 5.32
 4.35
 5.99
 4.93
 4.93
 4.96
 5.15
 5.62
 6.35
 4.99
 5.42
 5.23
 4.96
 5.27
 4.56
 4.23
 4.71
 4.17
 4.92
 5.35
 4.87
 5.10
 4.80
 4.82
 5.40
 4.76
 4.86
 5.58
 5.67
 5.24
 5.40
 4.89
 4.92
 4.17
 4.82
 5.34
 5.23
 4.68
 5.24
 4.76
 4.88
 5.52
 4.73
 5.63
 5.89
 4.42
 5.04
 5.49
 5.35
 5.07
 3.97
 5.21
 5.26
 5.10
 5.31
 4.81
 5.36
 5.15
 5.32
 5.64
 4.98
 5.48
 4.46
 5.27
 4.61
 4.93
 5.55
 5.50
 5.30
 4.89
 5.37
 4.49
 5.33
 4.97
 5.54
 5.47
 5.27
 4.13
 5.02
 4.86
 4.48
 4.86
 5.47
 5.32
 4.89
 4.86
 5.27
 5.66
 4.19
 4.80
 4.77
 5.41
 5.09
 5.68
 5.56
 5.85
 4.20
 5.83
 5.51
 5.24
 4.63
 5.62
 5.65
 4.30
 5.41
 5.23
 5.48
 4.63
 5.72
 4.49
 4.56
 4.49
 4.98
 5.70
 5.49
 5.21
 5.17
 4.11
 4.90
 5.48
 4.89
 5.50
 5.36
 5.12
 5.42
 4.82
 5.08
 5.38
 4.63
 4.56
 4.94
 5.54
 5.11
 5.27
 5.27
 5.54
 5.28
 6.34
 4.38
 4.56
 5.15
 5.12
 5.34
 4.74
 3.99
 5.81
 5.41
 5.09
 4.60
 4.55
 4.75
 4.92
 5.51
 4.99
 4.36
 5.13
 4.65
 4.58
 5.33
 5.36
 4.45
 5.59
 4.88
 4.82
 5.03
 4.39
 5.54
 4.83
 5.22
 4.88
 4.44
 4.95
 5.64
 6.17
 5.11
 4.42
 4.84
 4.56
 4.66
 5.22
 4.39
 5.36
 5.75
 5.41
 5.08
 4.96
 4.97
 5.19
 4.53
 4.79
 4.58
 4.57
 4.88
 5.13
 4.90
 5.35
 4.49
 5.22
 5.54
 5.26
 5.35
 5.49
 3.96
 5.03
 4.90
 4.06
 6.12
 3.81
 5.05
 4.50
 4.42
 4.75
 5.26
 4.50
 5.22
 4.42
 5.83
 5.16
 5.39
 5.36
 4.85
 5.10
 4.45
 4.26
 5.71
 5.18
 4.97
 4.76
 5.10
 5.95
 4.98
 5.72
 5.20
 4.80
 4.31
 5.24
 5.04
 4.00
 5.05
 4.61
 5.38
 6.45
 5.01
 5.06
 4.92
 5.60
 6.37
 4.81
 4.49
 4.62
 4.98
 4.66
 5.35
 5.02
 5.41
 5.01
 5.59
 6.24
 5.80
 4.38
 4.46
 4.51
 4.95
 5.35
 6.09
 5.06
 5.39
 5.32
 4.57
 5.54
 5.70
 5.75
 4.65
 4.37
 5.21
 5.40
 5.36
 5.95
 5.09
 5.09
 5.01
 5.04
 4.58
 4.92
 4.61
 5.24
 4.87
 5.87
 5.45
 5.28
 5.01
 5.75
 4.13
 5.55
 5.54
 5.03
 4.68
 4.83
 4.60
 6.16
 5.33
 5.19
 4.59
 4.39
 4.67
 5.21
 4.30
 4.58
 4.14
 5.11
 4.78
 4.82
 4.68
 4.18
 5.31
 5.00
 5.37
 4.15
 5.41
 4.89
 4.84
 4.54
 5.01
 6.45
 5.07
 6.04
 5.17
 4.34
 3.24
 5.60
 3.91
 5.26
 4.36
 5.71
 5.61
 4.89
 4.17
 4.89
 5.66
 5.05
 4.38
 4.91
 5.78
 5.23
 5.78
 5.28
 4.83
 4.78
 5.01
 4.91
 4.57
 5.42
 5.08
 4.40
 4.35
 4.91
 5.17
 4.36
 4.97
 4.36
 4.56
 5.44
 5.05
 4.98
 4.56
 5.25
 4.81
 5.86
 4.57
 5.03
 3.49
 5.92
 3.83
 5.21
 5.13
 4.83
 5.35
 4.79
 5.59
 4.11
 4.09
 4.67
 5.22
 4.52
 4.28
 5.42
 4.85
 5.32
 4.97
 5.19
 4.00
 4.35
 5.28
 5.95
 4.89
 4.16
 4.66
 5.19
 4.55
 4.96
 5.61
 5.75
 5.30
 5.16
 5.00
 5.08
 5.04
 5.73
 5.03
 4.71
 5.71
 4.61
 5.96
 3.95
 5.30
 5.25
 5.43
 4.83
 5.48
 5.12
 4.99
 4.91
 4.64
 4.91
 4.98
 6.81
 4.63
 5.43
 5.05
 5.47
 5.09
 5.51
 4.79
 4.31
 4.70
 4.46
 5.22
 4.72
 4.61
 4.48
 5.07
 5.88
 4.89
 4.63
 5.02
 5.06
 5.68
 5.39
 5.88
 5.74
 4.52
 4.75
 4.61
 4.32
 5.04
 4.99
 4.70
 5.00
 5.48
 5.28
 5.14
 4.52
 5.14
 4.65
 5.27
 5.14
 4.81
 5.92
 5.48
 5.32
 5.22
 4.95
 5.15
 5.23
 4.53
 5.55
 5.64
 5.09
 4.90
 4.88
 5.30
 5.31
 5.53
 5.51
 4.48
 4.92
 4.89
 5.10
 5.61
 5.67
 5.47
 4.83
 5.74
 5.57
 4.91
 4.65
 5.03
 4.88
 4.77
 4.43
 4.68
 6.33
 4.61
 5.06
 4.87
 4.88
 5.23
 6.01
 5.62
 4.61
 5.19
 5.18
 4.73
 4.78
 5.25
 6.24
 3.90
 5.57
 5.72
 4.79
 5.36
 5.08
 4.54
 4.13
 5.18
 4.95
 4.75
 5.68
 5.06
 4.86
 4.92
 4.56
 4.15
 4.81
 4.77
 3.97
 4.95
 4.95
 4.82
 5.29
 4.79
 5.10
 5.63
 5.39
 4.59
 5.54
 4.39
 5.17
 4.62
 5.19
 4.43
 5.11
 5.34
 5.23
 5.44
 4.97
 5.94
 5.40
 4.52
 4.99
 5.24
 5.19
 5.06
 5.37
 5.04
 4.80
 5.30
 5.01
 5.66
 4.44
 5.57
 5.23
 5.34
 5.19
 4.65
 4.39
 4.74
 4.84
 4.71
 5.81
 4.50
 5.43
 5.30
 5.02
 4.87
 4.13
 5.51
 5.65
 4.23
 4.37
 5.45
 3.82
 5.76
 6.00
 4.57
 4.75
 4.30
 4.75
 4.81
 4.88
 5.80
 4.81
 5.08
 5.68
 4.96
 4.64
 4.84
 5.07
 5.67
 5.21
 4.83
 4.48
 4.64
 5.13
 4.42
 5.92
 4.77
 5.11
 5.33
 5.52
 5.84
 4.86
 5.08
 5.31
 4.65
 4.42
 5.39
 5.40
 5.38
 6.02
 6.02
 5.98
 5.32
 5.66
 4.47
 5.06
 4.69
 6.00
 4.38
 5.07
 5.12
 5.08
 5.49
 4.80
 4.79
 4.66
 4.84
 4.53
 5.06
 5.47
 5.00
 4.99
 6.16
 4.81
 4.95
 4.10
 5.72
 4.63
 4.52
 5.88
 4.50
 5.77
 4.98
 5.16
 5.63
 4.51
 5.09
 4.18
 4.65
 4.95
 5.27
 5.29
 4.53
 5.99
 4.82
 5.97
 4.82
 5.32
 5.59
 5.94
 3.91
 4.28
 4.81
 4.97
 4.46
 5.80
 5.19
 5.57
 4.64
 4.77
 5.40
 4.77
 5.46
 4.93
 4.72
 4.04
 5.29
 5.67
 5.85
 5.26
 5.19
 5.74
 6.37
 5.33
 4.15
 5.02
 4.65
 4.34
 4.46
 4.99
 4.16
 4.47
 4.85
 5.55
 4.99
 4.48
 5.86
 5.26
 4.48
 5.00
 5.76
 5.48
 4.90
 4.76
 5.78
 4.91
 4.73
 4.64
 5.58
 5.63
 5.80
 5.52
 4.98
 5.21
 5.03
 5.44
 4.88
 4.22
 5.78
 5.06
 5.25
 5.70
 4.51
 5.04
 6.43
 5.80
 5.01
 5.33
 4.19
 4.48
 4.32
 5.02
 5.25
 5.16
 4.55
 5.25
 5.22
 4.91
 4.63
 5.50
 4.63
 4.38
 5.55
 5.26
 5.14
 4.80
 4.86
 5.59
 5.84
 5.43
 4.41
 4.74
 4.62
 4.34
 5.42
 5.40
 5.37
 5.06
 4.91
 4.81
 5.33
 4.95
 5.26
 5.09
 5.78
 4.90
 5.37
 4.31
 6.53
 4.80
 4.87
 4.99
 5.52
 5.74
 5.12
 4.59
 5.74
 5.17
 5.21
 5.06
 5.31
 5.31
 5.48
 5.43
 5.40
 5.21
 4.70
 4.51
 4.64
 4.32
 4.82
 5.53
 4.72
 5.03
 4.20
 5.16
 5.45
 5.19
 4.18
 4.26
 4.97
 5.70
 4.82
 5.00
 4.31
 5.40
 5.17
 5.41
 5.72
 4.78
 4.90
 4.12
 4.73
 4.68
 5.94
 5.63
 5.15
 5.17
 4.94
 5.06
 4.58
 4.66
 5.13
 5.97
 5.12
 4.81
 4.83
 4.63
 5.01
 5.59
 5.16
 5.34
 5.51
 4.78
 4.65
 5.33
 5.74
 5.72
 5.09
 5.22
 5.37
 5.37
 5.42
 4.94
 5.17
 5.10
 5.38
 5.76
 4.68
 5.28
 5.23
 5.43
 5.10
 5.52
 4.44
 4.87
 4.50
 4.73
 5.28
 5.31
 4.19
 4.91
 5.54
 4.87
 4.46
 4.86
 5.21
 5.39
 4.32
 3.50
 5.09
 5.22
 5.26
 4.53
 5.82
 4.60
 5.48
 4.50
 4.66
 5.47
 4.57
 4.77
 4.96
 4.90
 5.12
 5.02
 4.65
 5.59
 5.40
 5.86
 4.90
 6.13
 4.60
 4.99
 5.17
 5.12
 4.43
 4.96
 4.88
 4.79
 4.61
 5.03
 5.29
 5.20
 4.86
 5.31
 5.32
 4.67
 4.83
 5.43
 4.36
 4.56
 4.85
 5.01
 4.81
 6.14
 4.65
 4.98
 5.44
 5.25
 4.48
 5.03
 5.35
 5.88
 4.66
 4.76
 4.71
 5.64
 4.89
 5.55
 5.07
 4.20
 5.70
 5.17
 5.28
 5.16
 5.30
 4.84
 5.85
 5.08
 5.79
 5.48
 4.68
 5.52
 4.94
 4.45
 5.85
 5.40
 4.29
 5.10
 4.29
 5.64
 5.85
 4.17
 5.32
 4.12
 4.59
 4.51
 4.98
 4.72
 4.71
 4.62
 5.04
 5.15
 4.36
 4.62
 5.53
 4.01
 5.82
 4.97
 4.74
 5.20
 5.52
 5.39
 5.15
 4.77
 5.17
 5.58
 4.99
 5.22
 5.61
 4.25
 4.93
 5.55
 5.10
 4.39
 5.13
 4.52
 5.35
 5.15
 6.19
 5.47
 5.15
 5.42
 4.89
 4.97
 4.63
 4.85
 5.75
 5.56
 4.60
 5.09
 4.94
 5.39
 4.95
 4.82
 5.11
 5.60
 5.14
 5.04
 4.95
 4.65
 4.66
 4.79
 4.45
 5.40
 4.91
 5.15
 5.33
 4.39
 3.94
 4.99
 5.87
 5.73
 5.20
 4.60
 5.27
 3.86
 4.51
 5.91
 5.10
 4.48
 5.48
 5.07
 4.33
 4.27
 5.69
 4.87
 6.21
 5.34
 4.60
 5.05
 4.96
 5.04
 4.84
 5.13
 5.34
 5.85
 4.67
 4.99
 6.10
 5.58
 5.11
 5.76
 5.09
 5.89
 5.58
 5.02
 5.06
 4.08
 5.58
 5.05
 5.23
 4.60
 5.74
 5.55
 5.36
 5.29
 5.38
 5.59
 4.67
 4.58
 5.12
 5.21
 4.52
 5.27
 5.03
 5.12
 5.64
 4.92
 5.78
 4.56
 5.60
 4.56
 4.78
 5.59
 4.28
 5.54
 5.61
 5.56
 4.85
 5.76
 4.59
 5.04
 5.43
 4.43
 5.20
 4.80
 4.72
 4.49
 4.58
 5.27
 5.12
 5.35
 4.45
 4.60
 5.09
 4.85
 4.35
 5.08
 4.90
 5.61
 5.51
 5.00
 5.06
 5.48
 4.54
 4.16
 4.86
 5.44
 5.57
 4.02
 4.25
 4.93
 4.58
 4.73
 5.20
 5.34
 5.13
 5.38
 4.79
 4.55
 5.63
 5.77
 3.95
 5.10
 5.02
 5.05
 4.68
 5.09
 6.03
 5.54
 4.45
 5.15
 5.13
 5.45
 6.00
 4.91
 4.84
 5.64
 4.93
 5.00
 4.50
 4.83
 4.97
 5.33
 5.59
 5.14
 5.22
 4.98
 4.39
 5.74
 5.01
 5.31
 4.53
 5.02
 5.18
 4.54
 5.27
 4.74
 4.88
 4.92
 5.89
 5.10
 4.96
 4.04
 5.40
 4.82
 4.72
 4.71
 4.89
 4.99
 4.68
 5.54
 5.05
 4.80
 4.37
 4.70
 5.53
 4.32
 4.55
 4.72
 4.64
 5.13
 5.12
 4.49
 4.41
 5.99
 5.86
 3.93
 5.13
 5.13
 5.17
 5.32
 4.78
 4.61
 5.62
 6.00
 5.24
 4.17
 4.32
 4.42
 4.41
 4.19
 4.46
 5.12
 4.88
 5.65
 5.25
 4.81
 5.69
 4.09
 3.91
 5.14
 4.56
 5.51
 5.60
 4.71
 5.26
 4.75
 4.72
 5.42
 5.50
 4.14
 4.71
 4.36
 5.32
 4.89
 5.38
 4.05
 5.07
 4.89
 4.88
 6.11
 5.09
 5.08
 5.20
 4.96
 5.16
 5.34
 6.15
 5.16
 5.41
 4.94
 5.04
 4.11
 4.65
 5.10
 4.88
 4.70
 4.65
 4.22
 5.21
 4.73
 4.65
 5.67
 5.57
 5.57
 4.86
 4.62
 4.39
 4.36
 5.65
 4.39
 3.35
 5.08
 4.84
 5.28
 5.44
 4.68
 5.20
 5.44
 4.14
 4.65
 5.35
 5.82
 4.66
 4.67
 4.97
 4.84
 5.41
 5.28
 5.10
 4.70
 4.43
 5.05
 5.34
 4.63
 5.75
 5.09
 4.48
 4.95
