 5.00
 4.48
 4.77
 5.34
 5.07
 4.56
 5.91
 4.92
 5.29
 5.39
 5.15
 5.02
 5.84
 5.90
 5.82
 5.08
 3.99
 4.70
 5.24
 4.91
 5.39
 5.10
 4.95
 4.87
 5.76
 4.80
 5.92
 4.17
 5.54
 4.27
 5.06
 5.27
 5.17
 4.20
 4.89
 5.71
 5.14
 4.85
 5.55
 3.75
 5.46
 4.69
 3.61
 5.11
 4.71
 4.41
 5.69
 5.54
 4.36
 5.71
 4.58
 4.84
 5.30
 5.18
 5.77
 4.94
 4.88
 5.52
 5.89
 5.02
 5.31
 4.59
 4.26
 5.13
 4.90
 4.78
 5.73
 4.75
 5.31
 4.31
 4.80
 4.08
 4.83
 4.90
 5.61
 6.77
 5.01
 6.05
 5.31
 4.76
 5.75
 5.31
 4.82
 5.07
 4.81
 4.88
 5.38
 4.88
 4.42
 5.05
 4.71
 4.58
 5.05
 4.73
 5.55
 4.82
 4.76
 4.29
 5.66
 4.90
 4.87
 5.09
 4.10
 5.73
 4.81
 5.60
 5.52
 5.29
 5.00
 4.87
 4.39
 5.08
 4.59
 4.21
 4.93
 4.59
 3.81
 4.93
 5.93
 4.37
 5.16
 5.10
 4.95
 5.24
 4.55
 4.87
 5.53
 4.72
 5.81
 4.62
 4.88
 5.62
 4.76
 5.63
 4.70
 4.17
 5.17
 5.49
 4.65
 5.26
 4.83
 4.52
 4.47
 5.52
 5.61
 5.96
 4.60
 4.50
 5.47
 5.12
 5.35
 4.74
 4.33
 5.21
 4.54
 5.71
 5.42
 5.84
 5.83
 5.10
 4.48
 5.00
 5.64
 4.30
 4.80
 5.35
 4.55
 4.86
 5.32
 5.81
 5.39
 5.22
 4.94
 4.99
 4.60
 4.86
 5.90
 4.24
 5.13
 5.73
 5.14
 5.17
 5.55
 5.29
 4.60
 4.27
 4.48
 5.98
 5.16
 4.16
 4.48
 4.90
 4.69
 5.53
 6.16
 4.72
 5.63
 5.09
 4.55
 5.45
 4.60
 4.91
 4.37
 5.21
 4.46
 5.07
 5.41
 5.52
 5.03
 5.58
 4.95
 5.47
 4.82
 5.72
 5.33
 4.96
 5.01
 4.94
 4.99
 4.79
 5.22
 4.77
 5.63
 5.13
 3.81
 4.12
 4.67
 5.03
 5.03
 5.00
 4.02
 5.07
 5.46
 6.13
 4.58
 4.75
 5.22
 5.27
 4.24
 5.47
 5.04
 5.33
 4.74
 4.74
 5.05
 5.27
 4.96
 4.80
 4.88
 4.41
 4.83
 5.74
 4.24
 4.77
 5.08
 4.39
 3.82
 5.17
 5.65
 5.62
 4.50
 4.85
 4.09
 5.28
 5.05
 5.39
 5.15
 3.94
 5.87
 4.59
 5.53
 5.06
 5.13
 4.97
 5.36
 5.82
 5.54
 4.90
 5.06
 5.20
 3.82
 4.12
 4.22
 4.35
 4.03
 3.95
 4.64
 3.81
 5.67
 4.94
 4.61
 5.55
 4.84
 4.64
 5.08
 5.24
 5.14
 4.71
 5.43
 5.55
 4.95
 4.62
 5.53
 4.51
 5.74
 5.84
 4.92
 5.72
 5.71
 4.37
 4.90
 4.93
 4.00
 4.74
 5.52
 5.51
 5.48
 4.84
 4.73
 5.71
 4.79
 4.86
 5.11
 4.61
 5.14
 5.19
 3.86
 4.60
 4.79
 5.40
 5.15
 4.53
 5.27
 5.63
 4.49
 5.50
 4.74
 4.56
 5.16
 5.84
 4.68
 5.29
 4.54
 4.59
 5.12
 4.69
 4.40
 4.63
 5.06
 5.23
 4.14
 5.00
 5.04
 4.68
 4.71
 5.38
 4.44
 4.55
 4.83
 5.18
 4.97
 5.01
 4.44
 5.28
 5.83
 4.75
 4.97
 5.04
 4.54
 5.44
 4.81
 5.04
 4.74
 4.65
 4.22
 4.76
 4.64
 4.76
 5.09
 5.20
 5.15
 5.47
 5.12
 5.61
 5.19
 6.03
 5.24
 5.21
 4.37
 5.62
 5.61
 5.17
 4.97
 5.16
 5.85
 4.17
 5.26
 5.46
 4.96
 5.21
 5.02
 5.04
 4.35
 4.57
 5.70
 5.31
 3.95
 4.93
 5.65
 4.88
 5.09
 4.56
 5.11
 4.75
 5.44
 4.74
 4.31
 4.25
 5.38
 5.61
 5.27
 4.93
 5.68
 5.28
 5.76
 5.24
 5.58
 4.44
 5.32
 5.19
 5.62
 5.75
 4.28
 5.34
 4.95
 5.51
 5.75
 4.82
 5.29
 5.15
 5.11
 4.13
 4.48
 4.81
 5.13
 6.31
 4.88
 5.01
 5.43
 5.00
 6.24
 5.62
 5.63
 5.10
 6.01
 5.85
 4.76
 5.09
 4.82
 4.96
 5.56
 5.21
 4.92
 5.54
 4.53
 4.86
 4.62
 4.36
 4.69
 4.93
 5.13
 4.60
 4.63
 4.60
 5.89
 5.35
 6.01
 5.11
 4.36
 4.26
 4.39
 4.96
 5.61
 5.26
 5.23
 5.00
 4.75
 4.88
 4.52
 5.02
 4.42
 6.65
 5.08
 5.06
 5.31
 5.96
 3.83
 4.64
 4.80
 4.71
 5.07
 5.08
 4.65
 4.51
 4.64
 4.70
 5.07
 4.45
 4.42
 5.29
 4.34
 4.53
 3.87
 5.50
 5.82
 3.25
 5.37
 4.91
 5.11
 4.79
 5.81
 5.22
 5.27
 5.29
 5.89
 5.85
 4.97
 4.04
 5.97
 4.87
 4.88
 5.01
 5.30
 6.13
 4.35
 4.64
 4.56
 4.47
 4.91
 5.44
 4.31
 5.99
 5.53
 4.56
 5.84
 4.76
 5.23
 4.97
 4.35
 5.18
 5.13
 5.23
 4.69
 4.95
 5.33
 5.67
 4.97
 5.44
 5.39
 4.68
 5.54
 4.69
 4.61
 4.72
 4.64
 5.16
 4.42
 5.19
 6.30
 4.29
 4.99
 4.21
 5.34
 5.21
 5.98
 4.93
 5.46
 4.76
 5.31
 4.83
 4.03
 5.14
 4.68
 3.94
 4.67
 5.12
 4.93
 4.70
 4.87
 5.15
 5.41
 4.96
 4.88
 5.42
 4.90
 5.11
 4.17
 5.65
 5.61
 4.31
 4.82
 4.90
 5.37
 4.64
 4.74
 4.31
 5.42
 5.21
 4.61
 5.35
 4.98
 4.85
 5.02
 5.15
 6.14
 4.22
 5.36
 5.04
 5.21
 4.44
 5.16
 4.91
 5.09
 4.60
 5.48
 5.30
 4.80
 5.52
 4.57
 4.12
 4.82
 5.38
 5.62
 4.91
 4.75
 4.84
 4.09
 5.16
 4.64
 4.67
 5.38
 4.67
 4.93
 4.39
 5.04
 4.68
 4.88
 5.12
 4.98
 5.81
 5.33
 5.52
 5.20
 5.01
 5.09
 4.32
 5.19
 5.16
 5.63
 4.80
 5.11
 4.68
 4.62
 5.65
 6.31
 5.42
 5.27
 3.96
 5.04
 4.11
 4.18
 4.89
 4.92
 5.06
 4.99
 5.05
 5.51
 4.83
 4.70
 3.93
 5.06
 3.91
 4.91
 5.67
 4.63
 4.62
 5.52
 5.15
 5.75
 5.60
 5.21
 4.66
 5.12
 4.97
 4.71
 4.71
 4.16
 5.53
 4.54
 5.87
 5.03
 4.73
 4.50
 4.88
 4.92
 5.54
 4.37
 4.73
 5.18
 4.39
 5.89
 4.23
 5.40
 4.57
 4.98
 4.60
 5.06
 4.57
 4.98
 5.25
 4.82
 5.61
 4.95
 4.92
 5.12
 4.52
 5.05
 5.23
 5.80
 6.19
 4.49
 5.18
 4.70
 5.06
 5.97
 4.97
 5.59
 4.54
 5.52
 6.13
 5.00
 4.37
 5.09
 4.98
 4.63
 5.38
 4.84
 5.29
 6.29
 4.61
 5.37
 4.35
 5.98
 5.33
 5.18
 4.34
 5.05
 4.41
 4.67
 4.95
 5.64
 5.63
 5.65
 5.29
 5.71
 5.56
 5.14
 5.38
 5.03
 4.55
 5.01
 5.81
 4.84
 3.92
 5.24
 5.04
 5.00
 5.74
 5.86
 5.04
 5.22
 4.08
 5.07
 4.60
 3.93
 4.76
 4.25
 5.26
 3.78
 5.07
 5.32
 6.40
 4.86
 4.55
 4.65
 5.21
 5.27
 4.45
 5.70
 4.27
 3.99
 5.38
 4.52
 5.14
 4.49
 5.98
 4.40
 4.96
 5.04
 6.05
 4.79
 5.23
 5.19
 5.68
 5.19
 6.00
 4.85
 5.52
 4.75
 4.96
 5.46
 5.08
 4.85
 5.53
 4.34
 4.38
 4.99
 4.61
 4.78
 5.45
 4.77
 5.05
 6.24
 5.10
 5.36
 5.84
 6.13
 5.78
 5.55
 4.20
 6.00
 4.71
 5.16
 4.55
 5.16
 4.26
 4.57
 5.64
 4.82
 4.47
 4.94
 5.66
 4.84
 5.07
 5.17
 5.69
 4.57
 5.13
 4.82
 4.79
 4.13
 4.13
 5.59
 5.20
 4.64
 5.55
 5.23
 4.65
 5.47
 5.14
 4.93
 4.78
 5.41
 4.26
 4.97
 5.46
 4.82
 4.48
 5.25
 4.64
 5.04
 4.66
 5.05
 4.66
 4.29
 5.45
 4.52
 4.46
 4.75
 4.60
 5.12
 5.17
 4.98
 5.05
 4.86
 4.87
 5.83
 4.92
 5.23
 5.19
 5.28
 5.17
 4.76
 5.09
 4.43
 4.97
 3.78
 4.10
 4.66
 4.62
 5.05
 5.35
 4.64
 4.66
 5.71
 5.86
 5.14
 5.77
 5.31
 5.40
 5.02
 5.54
 5.43
 5.87
 5.43
 4.28
 5.37
 5.19
 5.47
 5.03
 5.20
 5.51
 5.38
 5.24
 5.57
 4.34
 5.01
 5.34
 4.20
 5.12
 4.31
 5.35
 3.82
 5.05
 4.38
 4.77
 5.40
 4.46
 4.88
 5.01
 4.86
 4.12
 5.06
 5.21
 5.17
 5.62
 5.65
 5.90
 4.53
 4.62
 5.29
 5.93
 5.50
 5.12
 5.48
 4.65
 5.22
 5.26
 5.14
 5.22
 4.47
 4.80
 5.01
 4.40
 4.87
 4.72
 5.16
 6.12
 5.16
 4.39
 5.45
 5.34
 5.40
 5.76
 4.59
 4.46
 4.69
 4.73
 5.14
 6.03
 4.61
 4.37
 4.90
 5.49
 5.24
 4.49
 5.39
 5.07
 6.02
 5.24
