 3.56246   3.21126   -4.9083   6.35343  
 2.62618   3.5723   -1.64382   12.1985  
 3.4983   3.6701   -4.03535   4.30061  
 -2.16966   -2.89854   -2.28063   3.32698  
 4.43651   -3.03995   3.82342   6.51208  
 -0.552336   2.86016   -4.84826   10.9965  
 1.4427   -0.819814   -1.09842   11.1219  
 -2.02519   4.35502   4.37652   15.7994  
 -4.13038   3.77845   4.91289   9.02912  
 -3.74332   -0.823668   0.35308   9.65732  
 -4.41758   -3.34066   -1.59492   15.704  
 -4.87137   -3.53886   -2.36095   13.7351  
 -0.866957   -4.00518   -2.79023   5.091  
 1.24209   1.55338   -0.805465   5.7776  
 1.21254   -3.04354   0.284231   5.42857  
 -2.96434   -2.31333   2.4854   9.99076  
 -3.45055   0.324891   -3.28656   17.1338  
 -2.54349   0.740027   1.68975   4.71955  
 3.07899   2.15018   1.97351   7.1035  
 -4.60088   -1.69178   3.54112   9.97453  
 1.70656   -2.17192   -3.21052   6.72672  
 -0.589215   0.90989   -0.594966   17.6485  
 2.63403   -0.472157   -0.753667   19.0653  
 -4.30227   -3.19513   4.7952   10.2158  
 3.09448   4.69873   -1.90525   7.01257  
 -1.5493   -0.657619   -2.10604   6.0327  
 0.465601   2.77447   0.256309   10.6357  
 -4.81129   0.308639   0.32475   8.22081  
 2.03022   1.08578   0.552808   3.47405  
 1.55252   2.95161   0.566159   18.7681  
 -1.84236   4.73572   4.99797   2.41683  
 -4.58233   -2.3661   3.47877   18.801  
 -1.58517   -2.93677   -3.2324   16.5166  
 3.91752   0.733584   4.46424   13.6971  
 -3.12854   4.3631   -1.3734   13.6977  
 2.64009   1.48196   1.20728   6.43286  
 3.31329   4.06752   -0.285579   9.39799  
 1.61289   4.97364   1.58397   13.1303  
 -0.179099   0.582236   4.9983   3.37415  
 -4.51612   -2.7558   1.1945   10.3703  
 0.636188   0.699887   -2.22844   4.95389  
 -4.1163   1.04284   1.61629   18.3556  
 1.72202   2.28474   2.82651   16.6942  
 2.22428   -4.74812   2.12174   19.7726  
 0.19032   -1.52825   -1.63946   16.5271  
 -3.19379   0.782781   -1.16764   1.71364  
 1.04548   -1.67271   0.738786   3.67329  
 -0.178186   -1.35748   0.13259   13.8776  
 3.91677   2.26469   2.30249   8.01655  
 -4.48907   -1.54196   4.94188   13.3222  
 2.32259   -2.30963   2.57669   5.1716  
 -4.15782   2.8271   4.31087   2.62214  
 3.23118   3.34121   4.36133   12.5858  
 -2.00922   3.07094   -0.064487   12.4347  
 4.06354   2.40978   4.15875   10.7053  
 -0.50223   -4.8405   3.26285   15.0307  
 3.48171   -2.96033   -2.37021   12.7149  
 4.56145   4.81491   -4.59152   16.5738  
 2.37662   -2.86477   -4.22474   2.33034  
 -4.52346   3.91816   2.1814   11.5909  
 -1.99586   -0.182501   -2.94826   4.09968  
 -1.35016   2.29228   -3.31358   18.9408  
 4.78447   2.159   4.29822   4.66949  
 3.39016   -0.751719   -3.42414   5.34908  
 2.77959   -2.70416   -3.68932   6.05103  
 -1.93505   0.260784   1.09421   11.6606  
 3.66582   -0.700161   0.833812   1.22517  
 1.11684   -4.81768   3.46138   16.6921  
 -0.596025   2.4784   -4.47104   14.2352  
 1.05202   -2.87875   -1.10975   7.66689  
 0.460694   2.65133   1.27999   16.2832  
 4.28924   -4.66767   0.116874   17.0937  
 -3.95165   3.56942   4.46283   10.3086  
 0.592325   4.09194   -3.23718   16.4055  
 3.45978   2.77033   -0.106586   14.1864  
 -3.33272   3.18408   -4.41979   5.84202  
 -4.24938   -1.38809   -3.72631   14.2008  
 1.86491   -2.36692   -2.15118   2.43485  
 -4.03736   4.07107   -0.318337   6.57271  
 -2.06982   -3.97353   -2.30574   12.3461  
 1.47961   0.70119   -4.16591   13.161  
 2.14217   -4.01987   4.67955   2.69315  
 4.39149   0.0279899   -1.96634   15.1388  
 0.916446   -1.00611   3.18472   3.19564  
 4.07084   4.0059   -4.11235   1.02046  
 4.56674   -1.44489   -1.71138   18.3757  
 -1.07123   3.40803   4.34129   14.3895  
 4.51251   -1.47013   -0.364486   4.41794  
 2.32006   1.89147   -0.316974   3.96438  
 -4.58265   1.26598   2.1425   2.53029  
 4.2557   -4.05986   -1.61575   16.0937  
 -4.33279   3.91324   -1.91839   12.0031  
 -2.69531   1.09817   -2.61795   15.0972  
 -3.64713   0.29454   2.60413   8.5525  
 -0.478566   3.37832   1.75797   2.76613  
 0.447249   -3.73469   -4.73553   17.1497  
 2.57056   1.73709   -0.425118   17.9999  
 0.755425   4.51282   2.76946   6.56858  
 -1.28969   0.0304845   0.131255   11.4023  
 2.54078   -2.83103   0.619829   8.24319
