-0.0015869140625
0.001281777397991882
0.004486220892971587
0.008117923520615253
0.010284737693411055
0.011505478072450942
0.01370281075472274
0.014130069887386701
0.015015106662190619
0.015259254737998596
0.01370281075472274
0.013245033112582781
0.011352885525070956
0.009430219428083133
0.006134220404675436
0.002685628833887753
0.00015259254737998596
-0.00390625
-0.006744384765625
-0.011016845703125
-0.01300048828125
-0.01568603515625
-0.017425537109375
-0.018646240234375
-0.01953125
-0.019439697265625
-0.019073486328125
-0.0166015625
-0.015045166015625
-0.012908935546875
-0.0093994140625
-0.0062255859375
-0.0030517578125
0.0011291848506118961
0.008087405011139257
0.005554368724631489
0.010376293221839045
0.016571550645466476
0.014221625415814692
0.016998809778130435
0.018219550157170323
0.01705984679708243
0.017029328287606435
0.01705984679708243
0.012054811243018892
0.01077303384502701
0.009186071352275156
0.006042664876247444
0.0013428144169438765
-0.00152587890625
-0.00567626953125
-0.0091552734375
-0.011474609375
-0.014373779296875
-0.017608642578125
-0.018463134765625
-0.018646240234375
-0.01910400390625
-0.01947021484375
-0.0186767578125
-0.0159912109375
-0.013763427734375
-0.011505126953125
-0.008544921875
-0.004638671875
-0.000885009765625
0.003631702627643666
0.0059511093478194525
0.010406811731315043
0.013794366283150731
0.015961180455946532
0.01782280953398236
0.020355845820490128
0.019806512649922177
0.02023377178258614
0.018189031647694327
0.01684621723075045
0.015289773247474594
0.011047700430310984
0.008178960539567248
0.0035401470992156743
0.0003967406231879635
-0.002716064453125
-0.008636474609375
-0.011566162109375
-0.01690673828125
-0.01483154296875
-0.021270751953125
-0.0220947265625
-0.01922607421875
-0.022857666015625
-0.0186767578125
-0.018646240234375
-0.015350341796875
-0.01141357421875
-0.00726318359375
-0.00311279296875
0.00009155552842799158
0.004943998535111545
0.00933866389965514
0.011902218695638905
0.01620532853175451
0.01803643910031434
0.020844141972106083
0.021790215765861997
0.022247993408001952
0.02237006744590594
0.020630512405774102
0.019043549913022248
0.017426068910794398
0.012024292733542894
0.009521774956511124
0.004821924497207556
0.0016479995117038484
-0.00323486328125
-0.00689697265625
-0.01104736328125
-0.014190673828125
-0.01751708984375
-0.0198974609375
-0.021240234375
-0.02301025390625
-0.0216064453125
-0.02105712890625
-0.019683837890625
-0.01629638671875
-0.012481689453125
-0.0089111328125
-0.00518798828125
0.0008850367748039186
0.004913480025635548
0.007568590350047304
0.013641773735770746
0.01574755088961455
0.021698660237434005
0.0195623645741142
0.024231696523941772
0.026032288583025604
0.02380443739127781
0.023895992919705802
0.021118808557390057
0.018555253761406293
0.01696829126865444
0.011078218939786982
0.007415997802667318
0.0020142216254158147
-0.00213623046875
-0.00689697265625
-0.0128173828125
-0.015289306640625
-0.01898193359375
-0.0216064453125
-0.022796630859375
-0.024749755859375
-0.023773193359375
-0.022674560546875
-0.0196533203125
-0.018096923828125
-0.014373779296875
-0.010223388671875
-0.005157470703125
-0.000701904296875
0.0036927396465956603
0.009643848994415113
0.013580736716818751
0.018219550157170323
0.020325327311014132
0.02368236335337382
0.025482955412457656
0.026459547715689567
0.02655110324411756
0.02490310373241371
0.023102511673329874
0.02053895687734611
0.017212439344462416
0.012451551866206854
0.007782219916379284
0.005554368724631489
-0.000640869140625
-0.0068359375
-0.009063720703125
-0.015655517578125
-0.01611328125
-0.0198974609375
-0.0230712890625
-0.02252197265625
-0.023773193359375
-0.0223388671875
-0.021759033203125
-0.018890380859375
-0.015716552734375
-0.010650634765625
-0.006805419921875
-0.002349853515625
0.001281777397991882
0.006683553575243385
0.010650959807123021
0.015961180455946532
0.018768883327738274
0.02237006744590594
0.024933622241889705
0.02627643665883358
0.02685628833887753
0.026001770073549608
0.02533036286507767
0.023316141239661855
0.019989623706778162
0.016785180211798457
0.011780144657734916
0.007507553331095309
0.0021057771538438063
-0.00274658203125
-0.00811767578125
-0.012359619140625
-0.017547607421875
-0.02105712890625
-0.02392578125
-0.025970458984375
-0.026763916015625
-0.026702880859375
-0.02587890625
-0.023468017578125
-0.0205078125
-0.0172119140625
-0.011993408203125
-0.007904052734375
-0.002899169921875
0.004028443250831629
0.008239997558519242
0.013550218207342753
0.018127994628742334
0.021301919614246042
0.026459547715689567
0.02685628833887753
0.028717917416913357
0.02838221381267739
0.02868739890743736
0.02627643665883358
0.02328562273018586
0.019318216498306222
0.015350810266426589
0.009826960051271096
0.005096591082491531
-0.0010986328125
-0.005523681640625
-0.011505126953125
-0.015472412109375
-0.01971435546875
-0.022705078125
-0.026153564453125
-0.027191162109375
-0.02783203125
-0.026641845703125
-0.025238037109375
-0.0224609375
-0.0198974609375
-0.014892578125
-0.010406494140625
-0.00537109375
-0.000701904296875
0.005066072573015534
0.010559404278695029
0.014496292001098667
0.019104586931974244
0.02237006744590594
0.024750511185033724
0.02630695516830958
0.029755546739097263
0.028443250831629383
0.021485030671102023
0.025818659016693626
0.02334665974913785
0.012665181432538836
0.013733329264198737
0.008514664143803218
-0.0003662109375
-0.002227783203125
-0.009521484375
-0.0133056640625
-0.01995849609375
-0.020751953125
-0.02398681640625
-0.0281982421875
-0.027130126953125
-0.028472900390625
-0.02618408203125
-0.02471923828125
-0.021881103515625
-0.017059326171875
-0.013946533203125
-0.006622314453125
-0.0020751953125
0.0017090365306558428
0.009552293465987122
0.013428144169438765
0.018127994628742334
0.02237006744590594
0.025727103488265634
0.027863399151585436
0.028412732322153387
0.028199102755821406
0.027863399151585436
0.025269325846125675
0.02218695638904996
0.01913510544145024
0.013580736716818751
0.008453627124851223
0.003143406476027711
-0.001953125
-0.0087890625
-0.012481689453125
-0.017608642578125
-0.021728515625
-0.025146484375
-0.028839111328125
-0.027618408203125
-0.028289794921875
-0.0291748046875
-0.02679443359375
-0.022125244140625
-0.02093505859375
-0.015777587890625
-0.009307861328125
-0.006439208984375
0.0027771843623157445
0.0059511093478194525
0.01077303384502701
0.015533921323282572
0.019318216498306222
0.025025177770317698
0.026459547715689567
0.024414807580797754
0.030365916928617207
0.029175695059053316
0.024109622486037784
0.023834955900753806
0.01934873500778222
0.015900143436994536
0.010834070863979004
0.0028992584002197333
0.0016785180211798456
-0.00830078125
-0.011566162109375
-0.016876220703125
-0.021331787109375
-0.02520751953125
-0.030487060546875
-0.029205322265625
-0.03076171875
-0.030609130859375
-0.030670166015625
-0.0284423828125
-0.0230712890625
-0.02020263671875
-0.01654052734375
-0.009918212890625
-0.003753662109375
0.002990813928647725
0.007660145878475295
0.012878810998870815
0.01867732779931028
0.02237006744590594
0.02642902920621357
0.028870509964293346
0.029267250587481308
0.029969176305429245
0.028077028717917417
0.026703695791497544
0.022766808069093907
0.01751762443922239
0.014099551377910703
0.009155552842799158
0.00018311105685598315
-0.00213623046875
-0.01080322265625
-0.017242431640625
-0.0208740234375
-0.0257568359375
-0.0283203125
-0.0318603515625
-0.033660888671875
-0.03253173828125
-0.0325927734375
-0.02911376953125
-0.026580810546875
-0.022705078125
-0.0155029296875
-0.0096435546875
-0.00506591796875
0.001281777397991882
0.007904293954283274
0.013763847773674735
0.02053895687734611
0.02172917874691
0.027253028962065492
0.03164769432660909
0.030854213080233162
0.03076265755180517
0.028565324869533372
0.027436140018921477
0.02533036286507767
0.01803643910031434
0.014435254982146673
0.008545182653279214
0.0026551103244117557
-0.003143310546875
-0.0103759765625
-0.017364501953125
-0.020233154296875
-0.02606201171875
-0.03057861328125
-0.031890869140625
-0.034637451171875
-0.034881591796875
-0.0341796875
-0.0330810546875
-0.02777099609375
-0.025848388671875
-0.019989013671875
-0.011566162109375
-0.009674072265625
-0.002197265625
0.005340739158299509
0.011017181920834987
0.015839106418042544
0.01977599414044618
0.027130954924161503
0.027619251075777458
0.02948088015381329
0.029175695059053316
0.0304269539475692
0.027802362132633443
0.024079103976561784
0.021576586199530016
0.014709921567430647
0.010528885769219032
0.004699850459303568
-0.00262451171875
-0.0093994140625
-0.0137939453125
-0.021575927734375
-0.025146484375
-0.0277099609375
-0.03607177734375
-0.033111572265625
-0.035247802734375
-0.03497314453125
-0.033172607421875
-0.030975341796875
-0.024322509765625
-0.021148681640625
-0.016021728515625
-0.0086669921875
-0.002899169921875
0.0032959990234076968
0.009491256447035128
0.015564439832758568
0.02142399365215003
0.023712881862849818
0.028290658284249398
0.030854213080233162
0.030854213080233162
0.030732139042329173
0.027954954680013428
0.02575762199774163
0.021668141727958008
0.016876735740226446
0.01132236701559496
0.0034485915707876827
-0.000732421875
-0.007904052734375
-0.0147705078125
-0.0194091796875
-0.028564453125
-0.029754638671875
-0.03192138671875
-0.0384521484375
-0.035675048828125
-0.037811279296875
-0.034027099609375
-0.033233642578125
-0.029876708984375
-0.024169921875
-0.018218994140625
-0.011749267578125
-0.005706787109375
0.0012512588885158849
0.007629627368999298
0.014007995849482712
0.019104586931974244
0.024750511185033724
0.027802362132633443
0.031464583269753106
0.0314951017792291
0.03305154576250496
0.030091250343333233
0.02838221381267739
0.025269325846125675
0.020325327311014132
0.014648884548478652
0.008606219672231208
0.0020142216254158147
-0.00482177734375
-0.0118408203125
-0.01800537109375
-0.02362060546875
-0.028350830078125
-0.033721923828125
-0.036376953125
-0.035888671875
-0.0391845703125
-0.036773681640625
-0.03448486328125
-0.031158447265625
-0.026275634765625
-0.020843505859375
-0.015045166015625
-0.00836181640625
-0.001190185546875
0.0053102206488235115
0.011291848506118961
0.017334513382366405
0.022858363597521896
0.02749717703787347
0.030365916928617207
0.03234962004455703
0.033356730857264934
0.03216650898770104
0.03088473158970916
0.027619251075777458
0.022339548936429945
0.018311105685598315
0.01132236701559496
0.005615405743583483
-0.00152587890625
-0.007232666015625
-0.01605224609375
-0.018646240234375
-0.025360107421875
-0.03094482421875
-0.0323486328125
-0.03582763671875
-0.035980224609375
-0.035736083984375
-0.034332275390625
-0.0308837890625
-0.027252197265625
-0.022186279296875
-0.016693115234375
-0.0108642578125
-0.003509521484375
0.0032349620044557024
0.009155552842799158
0.016266365550706503
0.02099673451948607
0.026001770073549608
0.029877620777001252
0.03225806451612903
0.03308206427198096
0.033204138309884945
0.031769768364513076
0.029297769096957305
0.02426221503341777
0.02197332682271798
0.016235847041230506
0.005249183629871517
0.004089480269783624
-0.0030517578125
-0.012939453125
-0.01690673828125
-0.0228271484375
-0.027801513671875
-0.031524658203125
-0.035675048828125
-0.03546142578125
-0.03570556640625
-0.03466796875
-0.032562255859375
-0.029266357421875
-0.024444580078125
-0.01953125
-0.012969970703125
-0.00469970703125
-0.000701904296875
0.008148442030091251
0.013855403302102725
0.019837031159398177
0.02673421430097354
0.028199102755821406
0.03439436017944884
0.03521835993530076
0.03534043397320475
0.035157322916348765
0.0336924344615009
0.029602954191717278
0.024506363109225746
0.022156437879573963
0.012909329508346813
0.007019257179479354
0.0004882961516159551
-0.007781982421875
-0.014068603515625
-0.0205078125
-0.026580810546875
-0.030059814453125
-0.0340576171875
-0.036163330078125
-0.037628173828125
-0.036834716796875
-0.035247802734375
-0.032318115234375
-0.027862548828125
-0.022125244140625
-0.016693115234375
-0.009429931640625
-0.002288818359375
0.0045167394024475845
0.011291848506118961
0.018982512894070255
0.02542191839350566
0.0293588061159093
0.0358592486342967
0.03646961882381664
0.03796502578814051
0.03967406231879635
0.035157322916348765
0.035615100558488724
0.028778954435865353
0.02597125156407361
0.017883846552934356
0.007965330973235268
0.006073183385723441
-0.004913330078125
-0.01171875
-0.017822265625
-0.02557373046875
-0.029632568359375
-0.033355712890625
-0.038360595703125
-0.039703369140625
-0.03857421875
-0.036865234375
-0.035247802734375
-0.0313720703125
-0.025665283203125
-0.01947021484375
-0.0126953125
-0.004791259765625
0.002685628833887753
0.010681478316599017
0.018127994628742334
0.026032288583025604
0.03057954649494919
0.03610339671010468
0.039429914242988376
0.042359691152684106
0.042359691152684106
0.041016876735740226
0.03866695150608844
0.03488265633106479
0.02902310251167333
0.022675252540665915
0.016235847041230506
0.00772118289742729
-0.000213623046875
-0.008270263671875
-0.015655517578125
-0.02337646484375
-0.029327392578125
-0.03289794921875
-0.0380859375
-0.040557861328125
-0.04083251953125
-0.04345703125
-0.03570556640625
-0.035125732421875
-0.03118896484375
-0.0223388671875
-0.01513671875
-0.008819580078125
0.0004272591326639607
0.007904293954283274
0.0173955504013184
0.02435377056184576
0.03158665730765709
0.03640858180486465
0.04181035798211615
0.04406872768333995
0.04528946806237984
0.04412976470229194
0.04263435773796808
0.03851435895870846
0.034485915707876826
0.02752769554734947
0.020477919858394117
0.011535996581926939
0.0034485915707876827
-0.00494384765625
-0.013641357421875
-0.022186279296875
-0.028076171875
-0.03485107421875
-0.038909912109375
-0.0423583984375
-0.043487548828125
-0.042999267578125
-0.041412353515625
-0.037811279296875
-0.03271484375
-0.02655029296875
-0.01910400390625
-0.011749267578125
-0.003021240234375
0.005920590838343455
0.014374217963194678
0.02337717825861385
0.028901028473769342
0.03653065584276864
0.04092532120731224
0.04477065340128788
0.045838801232947785
0.04632709738456374
0.044557023834955904
0.04107791375469222
0.03631702627643666
0.029755546739097263
0.022980437635425885
0.014740440076906645
0.006347849971007416
-0.00286865234375
-0.011138916015625
-0.019134521484375
-0.026641845703125
-0.032623291015625
-0.03802490234375
-0.04046630859375
-0.04290771484375
-0.04315185546875
-0.041900634765625
-0.038787841796875
-0.03369140625
-0.028594970703125
-0.02105712890625
-0.01409912109375
-0.004302978515625
0.004486220892971587
0.009949034089175085
0.022095400860621967
0.026459547715689567
0.03607287820062868
0.038178655354472485
0.042085024567400126
0.04858546708578753
0.044190801721243934
0.046235541856135744
0.041779839472640155
0.03848384044923246
0.03323465681936094
0.025788140507217627
0.018433179723502304
0.009826960051271096
0.0012512588885158849
-0.007110595703125
-0.016693115234375
-0.023223876953125
-0.030517578125
-0.0360107421875
-0.039337158203125
-0.04248046875
-0.042877197265625
-0.0418701171875
-0.040008544921875
-0.034912109375
-0.030609130859375
-0.02325439453125
-0.0157470703125
-0.007568359375
0.0004882961516159551
0.009521774956511124
0.017761772515030368
0.025940733054597615
0.03180028687398907
0.03790398876918851
0.04190191351054415
0.0445265053254799
0.045838801232947785
0.044709616382335886
0.04196295052949614
0.038850062562944425
0.03305154576250496
0.02694784386730552
0.018311105685598315
0.011230811487166967
0.002075258644367809
-0.00640869140625
-0.01519775390625
-0.022216796875
-0.030303955078125
-0.035858154296875
-0.03997802734375
-0.04339599609375
-0.044952392578125
-0.044403076171875
-0.04052734375
-0.0406494140625
-0.032470703125
-0.027099609375
-0.0196533203125
-0.01129150390625
-0.004119873046875
0.0068971831415753655
0.015289773247474594
0.02108829004791406
0.030182805871761222
0.034638508255256814
0.040803247169408245
0.04336680196539201
0.045258949552903834
0.04425183874019593
0.04284798730430006
0.04000976592303232
0.03399761955626087
0.027466658528397473
0.020294808801538132
0.01184118167668691
0.0038453321939756462
-0.005950927734375
-0.014404296875
-0.0225830078125
-0.029754638671875
-0.035430908203125
-0.041290283203125
-0.044097900390625
-0.0452880859375
-0.04498291015625
-0.043365478515625
-0.039093017578125
-0.034454345703125
-0.027862548828125
-0.020050048828125
-0.01171875
-0.0032958984375
0.006073183385723441
0.014618366039002656
0.022919400616473892
0.03030487990966521
0.03625598925748467
0.04159672841578417
0.0445875423444319
0.04611346781823176
0.04571672719504379
0.043061616870632036
0.03985717337565233
0.03384502700888089
0.02771080660420545
0.019714957121494188
0.0119632557145909
0.0029297769096957305
-0.00592041015625
-0.01519775390625
-0.02294921875
-0.02947998046875
-0.036407470703125
-0.04168701171875
-0.043853759765625
-0.045989990234375
-0.045501708984375
-0.044281005859375
-0.0404052734375
-0.03515625
-0.02874755859375
-0.021392822265625
-0.01312255859375
-0.004364013671875
0.004181035798211615
0.012970366527298808
0.02099673451948607
0.02893154698324534
0.0347911008026368
0.03991821039460433
0.043519394512771994
0.04544206060975982
0.0456251716666158
0.043519394512771994
0.041108432264168215
0.03595080416272469
0.029938657795953245
0.022675252540665915
0.014587847529526658
0.006012146366771447
-0.003143310546875
-0.011993408203125
-0.0206298828125
-0.027496337890625
-0.03466796875
-0.039337158203125
-0.043609619140625
-0.045440673828125
-0.04644775390625
-0.045379638671875
-0.04241943359375
-0.03826904296875
-0.031280517578125
-0.02545166015625
-0.020538330078125
-0.007843017578125
0.00024414807580797754
0.006927701651051363
0.016571550645466476
0.024201178014465773
0.03167821283608509
0.03732413708914457
0.039735099337748346
0.04364146855067599
0.04382457960753197
0.04489272743919187
0.040406506546220286
0.03555406353953673
0.02978606524857326
0.024414807580797754
0.016113773003326518
0.005493331705679495
-0.00048828125
-0.01092529296875
-0.018280029296875
-0.026123046875
-0.034210205078125
-0.03924560546875
-0.043701171875
-0.046783447265625
-0.04766845703125
-0.047637939453125
-0.0430908203125
-0.04071044921875
-0.03399658203125
-0.02911376953125
-0.02117919921875
-0.010284423828125
-0.00341796875
0.005035554063539537
0.015594958342234566
0.021485030671102023
0.030945768608661155
0.03579821161534471
0.04007080294198431
0.04412976470229194
0.045472579119235815
0.04513687551499985
0.04135258033997619
0.03799554429761651
0.032990508743552964
0.02529984435560167
0.0184636982329783
0.009491256447035128
0.0006714072084719382
-0.0081787109375
-0.017059326171875
-0.025634765625
-0.033111572265625
-0.038909912109375
-0.042724609375
-0.046844482421875
-0.046966552734375
-0.047454833984375
-0.04443359375
-0.041961669921875
-0.0364990234375
-0.029815673828125
-0.022247314453125
-0.014068603515625
-0.005462646484375
0.003631702627643666
0.012665181432538836
0.020935697500534076
0.028656880397961364
0.0348216193121128
0.039613025299844354
0.04379406109805597
0.04510635700552385
0.04443494979705191
0.04196295052949614
0.0391857661671804
0.033875545518356885
0.027161473433637503
0.01947080904568621
0.011139255958738976
0.0021057771538438063
-0.0068359375
-0.01654052734375
-0.02447509765625
-0.0322265625
-0.038330078125
-0.04345703125
-0.047271728515625
-0.049560546875
-0.0487060546875
-0.047821044921875
-0.04351806640625
-0.039520263671875
-0.032318115234375
-0.024810791015625
-0.016143798828125
-0.007598876953125
0.002380443739127781
0.01098666341135899
0.019653920102542192
0.031189916684469132
0.03381450849940489
0.03631702627643666
0.04873805963316752
0.04519791253395184
0.0446180608539079
0.04699850459303568
0.04046754356517228
0.038087099826044496
0.02914517654957732
0.021057771538438064
0.013458662678914763
0.005096591082491531
-0.00390625
-0.014923095703125
-0.022857666015625
-0.0302734375
-0.03857421875
-0.043670654296875
-0.047698974609375
-0.05010986328125
-0.050933837890625
-0.04925537109375
-0.045654296875
-0.041839599609375
-0.03497314453125
-0.0272216796875
-0.01885986328125
-0.009368896484375
-0.00042724609375
0.010284737693411055
0.01861629078035829
0.026825769829401533
0.03500473036896878
0.041108432264168215
0.04556413464766381
0.04858546708578753
0.049439985351115455
0.04873805963316752
0.0445875423444319
0.040498062074648275
0.033356730857264934
0.026154362620929593
0.017212439344462416
0.007507553331095309
-0.00244140625
-0.013031005859375
-0.02105712890625
-0.031097412109375
-0.03851318359375
-0.04534912109375
-0.0494384765625
-0.051910400390625
-0.053863525390625
-0.05230712890625
-0.048736572265625
-0.044036865234375
-0.0384521484375
-0.0283203125
-0.02099609375
-0.010406494140625
-0.0001220703125
0.009125034333323161
0.02151554918057802
0.029267250587481308
0.03653065584276864
0.04528946806237984
0.048554948576311534
0.05288857692190314
0.05206457716605121
0.05124057741019929
0.04934842982268746
0.044862208929715874
0.0369273964659566
0.027222510452589496
0.021301919614246042
0.007660145878475295
0.00012207403790398877
-0.012115478515625
-0.02398681640625
-0.0284423828125
-0.040557861328125
-0.046783447265625
-0.051788330078125
-0.054962158203125
-0.055145263671875
-0.05560302734375
-0.051361083984375
-0.047454833984375
-0.041656494140625
-0.03167724609375
-0.02239990234375
-0.013641357421875
-0.00152587890625
0.009704886013367107
0.019745475630970184
0.029633472701193275
0.03723258156071658
0.04638813440351573
0.05145420697653127
0.05340739158299509
0.05740531632435072
0.05612353892635884
0.052308725241859186
0.04849391155735954
0.04086428418836024
0.0336924344615009
0.023255104220709862
0.012451551866206854
0.001586962492751854
-0.007171630859375
-0.0205078125
-0.02960205078125
-0.039154052734375
-0.045257568359375
-0.04962158203125
-0.059234619140625
-0.055023193359375
-0.055328369140625
-0.0557861328125
-0.0478515625
-0.043731689453125
-0.03289794921875
-0.024810791015625
-0.0128173828125
-0.003143310546875
0.007141331217383343
0.018311105685598315
0.029877620777001252
0.03729361857966857
0.04489272743919187
0.051484725486007264
0.05520798364207892
0.0587176122318186
0.05581835383159887
0.055177465132602924
0.05063020722067934
0.044862208929715874
0.03665272988067263
0.02661214026306955
0.017242957853938413
0.005920590838343455
-0.0057373046875
-0.016448974609375
-0.02667236328125
-0.035003662109375
-0.04302978515625
-0.049774169921875
-0.052978515625
-0.056243896484375
-0.05682373046875
-0.0511474609375
-0.051177978515625
-0.042816162109375
-0.034332275390625
-0.02899169921875
-0.015625
-0.00506591796875
0.0050050355540635395
0.017029328287606435
0.026825769829401533
0.03735465559862056
0.04464857936338389
0.051179540391247294
0.05581835383159887
0.05807672353282266
0.05923642689291055
0.05813776055177465
0.05249183629871517
0.046449171422467725
0.03979613635670034
0.0304574724570452
0.020599993896298106
0.0097964415417951
-0.002593994140625
-0.01092529296875
-0.02142333984375
-0.032684326171875
-0.0394287109375
-0.0462646484375
-0.05242919921875
-0.052764892578125
-0.05462646484375
-0.053924560546875
-0.04986572265625
-0.043731689453125
-0.03753662109375
-0.028289794921875
-0.01983642578125
-0.008087158203125
0.003021332438123722
0.013855403302102725
0.024048585467085788
0.03347880489516892
0.04165776543473617
0.048768578142643515
0.05389568773461104
0.057039094210638755
0.05771050141911069
0.056215094454786826
0.053743095187231055
0.048402356028931545
0.04068117313150426
0.031708731345561084
0.024109622486037784
0.010254219183935057
0.0005798516800439467
-0.009735107421875
-0.020416259765625
-0.03271484375
-0.03765869140625
-0.045989990234375
-0.050537109375
-0.053009033203125
-0.056640625
-0.05462646484375
-0.048126220703125
-0.047607421875
-0.037994384765625
-0.02972412109375
-0.0205078125
-0.00860595703125
-0.001220703125
0.010864589373455
0.022125919370097964
0.032563249610889
0.039735099337748346
0.04962309640797143
0.05346842860194708
0.057039094210638755
0.05926694540238655
0.057954649494918666
0.055085909604174935
0.04980620746482742
0.04428235724967192
0.0358592486342967
0.02627643665883358
0.016022217474898525
0.005249183629871517
-0.005706787109375
-0.01605224609375
-0.0260009765625
-0.03466796875
-0.0421142578125
-0.047576904296875
-0.0517578125
-0.053985595703125
-0.052886962890625
-0.0506591796875
-0.045684814453125
-0.03875732421875
-0.0311279296875
-0.02337646484375
-0.01202392578125
-0.001373291015625
0.009002960295419173
0.019287697988830226
0.02999969481490524
0.03814813684499649
0.04641865291299173
0.05417035431989502
0.05487228003784295
0.05813776055177465
0.059907834101382486
0.05264442884609516
0.05514694662312693
0.04483169042023988
0.03653065584276864
0.0304574724570452
0.017914365062410353
0.007324442274239326
-0.003448486328125
-0.012969970703125
-0.0240478515625
-0.0323486328125
-0.0391845703125
-0.04681396484375
-0.050445556640625
-0.052886962890625
-0.053497314453125
-0.050506591796875
-0.0465087890625
-0.04095458984375
-0.03338623046875
-0.025115966796875
-0.0146484375
-0.004425048828125
0.006164738914151433
0.017975402081362345
0.027100436414685507
0.037568285164952545
0.04510635700552385
0.050721762749107335
0.05468916898098697
0.05825983458967864
0.0576189458906827
0.05609302041688284
0.05154576250495926
0.04617450483718375
0.038758507034516436
0.028656880397961364
0.01947080904568621
0.007904293954283274
-0.002166748046875
-0.012542724609375
-0.02313232421875
-0.0325927734375
-0.0408935546875
-0.044891357421875
-0.053192138671875
-0.05279541015625
-0.0546875
-0.052093505859375
-0.047088623046875
-0.043304443359375
-0.03363037109375
-0.02783203125
-0.016143798828125
-0.005126953125
0.00347911008026368
0.015778069399090548
0.025086214789269694
0.037263100070192574
0.042085024567400126
0.047486800744651635
0.056520279549546804
0.05496383556627094
0.05767998290963469
0.05624561296426282
0.05090487380596332
0.046967986083559676
0.03894161809137242
0.029755546739097263
0.01913510544145024
0.009552293465987122
-0.000640869140625
-0.013702392578125
-0.0224609375
-0.0325927734375
-0.04052734375
-0.0472412109375
-0.051666259765625
-0.05474853515625
-0.0546875
-0.05316162109375
-0.04876708984375
-0.04498291015625
-0.036773681640625
-0.028076171875
-0.018218994140625
-0.00750732421875
0.0036011841181676687
0.014770958586382641
0.02432325205236976
0.033661915952024904
0.04184087649159215
0.04773094882045961
0.05255287331766716
0.055604724265266886
0.056001464888454845
0.054292428357799
0.051118503372295294
0.045686208685567796
0.03872798852504044
0.029755546739097263
0.020722067934202094
0.010345774712363049
-0.00048828125
-0.01104736328125
-0.02166748046875
-0.030670166015625
-0.038482666015625
-0.0447998046875
-0.051055908203125
-0.05303955078125
-0.0538330078125
-0.0526123046875
-0.049652099609375
-0.0445556640625
-0.037200927734375
-0.02911376953125
-0.019775390625
-0.009918212890625
0.0010071108127079073
0.012024292733542894
0.021454512161626027
0.03088473158970916
0.038392284920804466
0.04571672719504379
0.05017242957853939
0.05319376201666311
0.054048280281991025
0.053132724997711114
0.049836725974303414
0.044557023834955904
0.038331247901852473
0.0293282876064333
0.020508438367870113
0.010315256202887051
-0.00006103515625
-0.010833740234375
-0.01995849609375
-0.02825927734375
-0.038543701171875
-0.04315185546875
-0.048095703125
-0.05169677734375
-0.05126953125
-0.052825927734375
-0.048004150390625
-0.043365478515625
-0.03887939453125
-0.029541015625
-0.020294189453125
-0.011444091796875
-0.00006103515625
0.00988799707022309
0.019745475630970184
0.028412732322153387
0.0369884334849086
0.04382457960753197
0.0489211706900235
0.05252235480819117
0.05240028077028718
0.05185094759971923
0.049439985351115455
0.043885616626483964
0.038087099826044496
0.029175695059053316
0.020691549424726098
0.010498367259743034
0.00003051850947599719
-0.010162353515625
-0.019927978515625
-0.029510498046875
-0.036651611328125
-0.04351806640625
-0.0482177734375
-0.051116943359375
-0.052337646484375
-0.05108642578125
-0.049407958984375
-0.044036865234375
-0.037841796875
-0.03057861328125
-0.0216064453125
-0.011627197265625
-0.00042724609375
0.006317331461531419
0.018524735251930297
0.02655110324411756
0.034852137821588795
0.04196295052949614
0.04531998657185583
0.05038605914487136
0.05008087405011139
0.05087435529648732
0.04602191228980377
0.042146061586352125
0.03616443372905667
0.0293588061159093
0.020020142216254158
0.010315256202887051
0.0005798516800439467
-0.00921630859375
-0.019622802734375
-0.028228759765625
-0.03662109375
-0.04266357421875
-0.047607421875
-0.05224609375
-0.052337646484375
-0.050537109375
-0.05072021484375
-0.043853759765625
-0.03851318359375
-0.03082275390625
-0.0225830078125
-0.013092041015625
-0.0032958984375
0.00717184972685934
0.016693624683370465
0.025727103488265634
0.03344828638569292
0.040803247169408245
0.04535050508133183
0.04837183751945555
0.05017242957853939
0.04919583727530748
0.04684591204565569
0.04220709860530412
0.03686635944700461
0.02859584337900937
0.02044740134891812
0.0097964415417951
0.0004882961516159551
-0.009124755859375
-0.01910400390625
-0.028472900390625
-0.035675048828125
-0.042999267578125
-0.04730224609375
-0.0511474609375
-0.052398681640625
-0.05206298828125
-0.048614501953125
-0.0452880859375
-0.039276123046875
-0.03192138671875
-0.0225830078125
-0.013824462890625
-0.003326416015625
0.006653035065767388
0.01654103213599048
0.02545243690298166
0.03402813806573687
0.04010132145146031
0.04550309762871181
0.04852443006683554
0.05056917020172735
0.04980620746482742
0.04699850459303568
0.04281746879482406
0.03610339671010468
0.02945036164433729
0.0206610309152501
0.010803552354503006
0.0013733329264198737
-0.009368896484375
-0.018463134765625
-0.0286865234375
-0.0330810546875
-0.04278564453125
-0.051361083984375
-0.048919677734375
-0.051177978515625
-0.05389404296875
-0.049835205078125
-0.0458984375
-0.03875732421875
-0.0321044921875
-0.02618408203125
-0.0140380859375
-0.005645751953125
0.007782219916379284
0.01532029175695059
0.02346873378704184
0.03436384166997284
0.04086428418836024
0.04611346781823176
0.05044709616382336
0.05194250312814722
0.05291909543137913
0.04989776299325541
0.04693746757408368
0.0391857661671804
0.03167821283608509
0.024109622486037784
0.013519699697866757
0.003204443494979705
-0.0081787109375
-0.017242431640625
-0.02716064453125
-0.036468505859375
-0.043487548828125
-0.0498046875
-0.053375244140625
-0.054718017578125
-0.05523681640625
-0.052398681640625
-0.048370361328125
-0.042724609375
-0.034698486328125
-0.02569580078125
-0.016387939453125
-0.006072998046875
0.005829035309915464
0.01544236579485458
0.025513473921933653
0.03390606402783288
0.04171880245368816
0.04739524521622364
0.05182042909024323
0.05377361369670705
0.05331583605456709
0.05206457716605121
0.0478225043488876
0.04144413586840419
0.03347880489516892
0.026642658772545548
0.015472884304330577
0.004150517288735618
-0.00604248046875
-0.0166015625
-0.025634765625
-0.03509521484375
-0.042510986328125
-0.05169677734375
-0.051483154296875
-0.0535888671875
-0.05841064453125
-0.053955078125
-0.049468994140625
-0.04302978515625
-0.0364990234375
-0.02880859375
-0.0181884765625
-0.00640869140625
0.004150517288735618
0.0152287362285226
0.024109622486037784
0.03549302652058473
0.04217658009582812
0.04959257789849544
0.05337687307351909
0.05563524277474288
0.05679494613483078
0.05566576128421888
0.05157628101443525
0.04504531998657186
0.037415692617572556
0.029389324625385297
0.01934873500778222
0.008026367992187262
-0.003021240234375
-0.013427734375
-0.02374267578125
-0.033203125
-0.041656494140625
-0.0482177734375
-0.0528564453125
-0.055938720703125
-0.05694580078125
-0.055023193359375
-0.05169677734375
-0.046478271484375
-0.039764404296875
-0.0284423828125
-0.02032470703125
-0.009002685546875
0.002197332682271798
0.011871700186162909
0.024689474166081728
0.03360087893307291
0.042756431775872066
0.04940946684163945
0.054933317056794946
0.06067079683828242
0.05642872402111881
0.059755241554002504
0.05774101992858669
0.04602191228980377
0.044862208929715874
0.03503524887844478
0.023865474410229806
0.013428144169438765
0.00173955504013184
-0.007049560546875
-0.019622802734375
-0.02789306640625
-0.03662109375
-0.04730224609375
-0.0489501953125
-0.054107666015625
-0.056427001953125
-0.055419921875
-0.0533447265625
-0.047149658203125
-0.043121337890625
-0.0352783203125
-0.02154541015625
-0.015960693359375
-0.0042724609375
0.01132236701559496
0.017151402325510424
0.030915250099185155
0.03851435895870846
0.046449171422467725
0.05392620624408704
0.057344279305398725
0.05954161198767052
0.059450056459242534
0.056886501663258766
0.054353465376751
0.04611346781823176
0.03988769188512833
0.028534806360057376
0.018860438856166267
0.008606219672231208
-0.003753662109375
-0.014984130859375
-0.02569580078125
-0.035858154296875
-0.0426025390625
-0.049407958984375
-0.055633544921875
-0.058135986328125
-0.056854248046875
-0.055419921875
-0.052276611328125
-0.045867919921875
-0.03778076171875
-0.028533935546875
-0.018035888671875
-0.006744384765625
0.003784295175023652
0.015289773247474594
0.02749717703787347
0.03714102603228858
0.0456251716666158
0.053071687978759115
0.058229316080202646
0.06183050019837031
0.06256294442579424
0.06079287087618641
0.057130649739066744
0.05090487380596332
0.04400769066438795
0.03402813806573687
0.023834955900753806
0.012451551866206854
0.0013428144169438765
-0.010284423828125
-0.021331787109375
-0.031707763671875
-0.040740966796875
-0.04791259765625
-0.0540771484375
-0.0570068359375
-0.05902099609375
-0.057769775390625
-0.055145263671875
-0.049285888671875
-0.040374755859375
-0.034149169921875
-0.02239990234375
-0.010894775390625
-0.00018310546875
0.01434369945371868
0.022888882106997896
0.03579821161534471
0.04477065340128788
0.05255287331766716
0.05926694540238655
0.06280709250160223
0.06460768456068605
0.06485183263649404
0.06207464827417829
0.05731376079592273
0.04934842982268746
0.04113895077364422
0.03097628711813715
0.01977599414044618
0.008331553086947234
-0.00439453125
-0.01556396484375
-0.0263671875
-0.03662109375
-0.044708251953125
-0.05206298828125
-0.055877685546875
-0.0587158203125
-0.05841064453125
-0.055938720703125
-0.0518798828125
-0.045074462890625
-0.03729248046875
-0.0264892578125
-0.015594482421875
-0.003662109375
0.00836207159642323
0.02023377178258614
0.03228858302560503
0.04202398754844813
0.05166783654286325
0.05917538987395855
0.06292916653950621
0.06683553575243385
0.06717123935666983
0.06500442518387402
0.06021301919614246
0.05612353892635884
0.045167394024475845
0.037476729636524556
0.02337717825861385
0.0119632557145909
0.0022888882106997894
-0.01263427734375
-0.02349853515625
-0.03466796875
-0.043701171875
-0.052093505859375
-0.057769775390625
-0.06097412109375
-0.061614990234375
-0.0594482421875
-0.05572509765625
-0.051177978515625
-0.04180908203125
-0.0343017578125
-0.0213623046875
-0.00872802734375
0.00173955504013184
0.015533921323282572
0.02752769554734947
0.03888058107242042
0.04980620746482742
0.05618457594531083
0.0642109439374981
0.06830042420728172
0.06973479415265359
0.06930753501998962
0.06537064729758599
0.060426648762474444
0.051393169957579275
0.04281746879482406
0.030823694570757166
0.018219550157170323
0.006836146122623371
-0.006683349609375
-0.0194091796875
-0.03143310546875
-0.041229248046875
-0.05010986328125
-0.057037353515625
-0.061767578125
-0.06341552734375
-0.0634765625
-0.059783935546875
-0.053253173828125
-0.04833984375
-0.038421630859375
-0.02606201171875
-0.0150146484375
0.0006714072084719382
0.009186071352275156
0.022888882106997896
0.04055909909360027
0.04394665364543596
0.05740531632435072
0.06402783288064211
0.06817835016937773
0.07358012634662923
0.07031464583269753
0.06814783165990174
0.06387524033326213
0.05594042786950285
0.04815820795312357
0.035615100558488724
0.024048585467085788
0.010071108127079073
-0.00335693359375
-0.016143798828125
-0.030181884765625
-0.040771484375
-0.05084228515625
-0.0584716796875
-0.064300537109375
-0.067657470703125
-0.06793212890625
-0.065582275390625
-0.0614013671875
-0.05438232421875
-0.0447998046875
-0.034515380859375
-0.0216064453125
-0.00836181640625
0.005767998290963469
0.018311105685598315
0.032380138554033024
0.04297006134220405
0.05673390911587878
0.06167790765099033
0.0695516830957976
0.07358012634662923
0.07263405255287332
0.0740379039887692
0.06543168431653798
0.06128116702780236
0.05078279976805933
0.03869747001556444
0.027588732566301462
0.012512588885158849
0.0005493331705679495
-0.01507568359375
-0.027374267578125
-0.04071044921875
-0.051666259765625
-0.058380126953125
-0.0673828125
-0.069091796875
-0.070587158203125
-0.070037841796875
-0.0634765625
-0.060394287109375
-0.04986572265625
-0.03656005859375
-0.026580810546875
-0.01153564453125
0.0025025177770317698
0.016754661702322458
0.031556138798181095
0.0423902096621601
0.054109317300943024
0.0641193884090701
0.07104709006012147
0.07531968138676107
0.07623523667104098
0.07541123691518906
0.07168797875911741
0.065157017731254
0.057496871852778714
0.04397717215491195
0.03308206427198096
0.019379253517258218
0.0032654805139316996
-0.007354736328125
-0.025543212890625
-0.038360595703125
-0.0465087890625
-0.060089111328125
-0.064666748046875
-0.07110595703125
-0.0782470703125
-0.06842041015625
-0.0706787109375
-0.06658935546875
-0.053131103515625
-0.047119140625
-0.0322265625
-0.0206298828125
-0.00689697265625
0.009063997314371167
0.023834955900753806
0.03781243324076052
0.05053865169225135
0.059755241554002504
0.07034516434217353
0.0748924222540971
0.07855464339121677
0.07873775444807275
0.07583849604785302
0.07025360881374554
0.062105166783654284
0.05182042909024323
0.03851435895870846
0.02563554795983764
0.011566515091402937
-0.0042724609375
-0.018341064453125
-0.03173828125
-0.044403076171875
-0.055206298828125
-0.064697265625
-0.070404052734375
-0.0745849609375
-0.075286865234375
-0.07305908203125
-0.069244384765625
-0.0616455078125
-0.05291748046875
-0.040679931640625
-0.027984619140625
-0.013916015625
0.0019531846064638203
0.015778069399090548
0.029877620777001252
0.043885616626483964
0.0532242805261391
0.06610309152500991
0.07150486770226142
0.07464827417828913
0.07922605059968871
0.07599108859523301
0.07202368236335338
0.06341746269112217
0.0564897610400708
0.04443494979705191
0.029633472701193275
0.017792291024506364
0.0010071108127079073
-0.013885498046875
-0.027801513671875
-0.042816162109375
-0.053741455078125
-0.06500244140625
-0.071441650390625
-0.0760498046875
-0.078369140625
-0.07904052734375
-0.073486328125
-0.0665283203125
-0.059844970703125
-0.047698974609375
-0.034271240234375