 9.43
 8.78
 7.22
 7.86
 7.90
 8.43
 8.25
 8.47
 7.60
 6.70
 7.20
 8.37
 7.41
 8.39
 8.74
 9.37
 8.45
 7.49
 9.12
 8.41
 8.15
 7.49
 8.44
 8.35
 8.49
 8.70
 7.02
 7.71
 9.51
 7.19
 8.46
 6.80
 8.41
 8.61
 8.51
 8.31
 6.99
 8.09
 8.27
 8.30
 9.38
 7.81
 7.64
 8.14
 8.70
 7.62
 8.12
 8.73
 8.56
 8.87
 7.80
 8.19
 6.76
 9.46
 9.27
 7.74
 6.47
 8.84
 7.95
 7.85
 8.91
 8.78
 9.02
 7.99
 7.65
 7.85
 7.12
 7.84
 7.80
 7.57
 8.91
 7.59
 8.24
 7.56
 7.85
 8.22
 8.41
 8.39
 9.06
 7.19
 9.55
 7.86
 8.12
 8.55
 8.78
 8.69
 7.85
 7.77
 9.25
 7.41
 6.86
 7.07
 8.21
 7.60
 7.81
 8.99
 8.18
 7.49
 8.78
 6.50
 9.01
 7.96
 7.11
 7.89
 8.54
 7.67
 8.38
 8.36
 7.81
 8.12
 7.91
 7.62
 7.69
 8.34
 8.46
 8.70
 7.92
 6.65
 7.73
 8.61
 7.24
 6.81
 7.87
 8.40
 9.66
 7.73
 8.09
 7.77
 7.97
 7.18
 9.42
 8.46
 9.10
 8.28
 7.88
 7.20
 7.02
 7.85
 8.15
 8.04
 8.49
 7.81
 9.03
 7.29
 7.78
 8.90
 9.51
 7.38
 8.19
 8.64
 7.43
 7.53
 7.09
 8.12
 7.51
 7.08
 8.52
 9.46
 8.37
 8.28
 8.18
 7.07
 8.35
 8.45
 8.94
 8.64
 7.31
 7.50
 7.01
 6.40
 8.85
 8.00
 7.86
 7.26
 7.21
 8.34
 8.24
 8.39
 8.47
 8.72
10.22
 8.95
 9.03
 7.92
 8.21
 7.94
 9.59
 8.99
 7.18
 7.87
 7.03
 7.46
 8.01
 7.27
 7.64
 8.29
 9.01
 7.94
 8.23
 8.13
 8.44
 8.35
 8.14
 8.61
 7.93
 7.80
 7.58
 8.57
 8.89
 7.89
 6.85
 7.90
 8.26
 8.47
 7.44
 8.82
 7.95
 7.11
 8.06
 8.82
 7.99
 7.52
 9.29
 7.22
 7.94
 6.63
 8.43
 7.43
 7.95
 8.29
 8.28
 8.37
 8.16
 7.69
 8.39
 9.53
 8.85
 9.39
 7.36
 8.33
 7.96
 8.32
 7.27
 7.99
 8.79
 6.60
 8.47
 7.62
 8.11
 8.47
 7.30
 7.76
 6.61
 7.31
 8.17
 8.77
10.01
 9.29
 7.16
 8.04
 7.59
 8.56
 8.65
 7.62
 8.58
 8.56
 8.43
 9.48
 8.12
 8.40
 6.95
 7.32
 6.95
 8.34
 7.45
 8.17
 7.08
 6.97
 8.54
 7.89
 7.43
 7.47
 8.05
 8.86
 6.75
 8.68
 8.38
 6.49
 7.63
 7.01
 7.83
 8.37
 7.27
 7.74
 7.79
 8.33
 7.91
 7.90
 7.30
 9.21
 7.64
 9.17
 7.92
 6.73
 8.38
 8.55
 8.17
 8.21
 7.76
 7.67
 6.91
 8.42
 8.29
 8.80
 8.88
 7.90
 7.49
 8.25
 7.78
 8.33
 7.62
 7.30
 7.29
 7.72
 6.53
 7.86
 7.90
 7.46
 8.50
 8.44
 8.49
 8.80
 7.97
 8.04
 8.46
 6.80
 7.37
 8.01
 8.33
 7.11
 6.33
 9.13
 6.89
 7.37
 9.07
 8.78
 7.19
 7.58
 7.69
 8.75
 8.67
 7.27
 8.83
 8.86
 7.47
 8.78
 8.74
 7.48
 7.83
 7.36
 7.41
 7.07
 8.54
 8.57
 8.04
 7.88
 8.04
 7.23
 7.11
 8.55
 7.52
 8.89
 9.32
 8.56
 7.63
 8.92
 8.34
 8.77
 7.60
 7.35
 6.67
 7.86
 9.14
 7.01
 8.00
 7.48
 7.92
 6.82
 5.96
 6.59
 8.18
 8.40
 7.61
 7.41
 8.71
 6.59
 9.08
 8.03
 7.64
 7.77
 8.55
 7.53
 7.97
 9.14
 8.34
 8.65
 7.70
 8.05
 7.04
 7.33
 8.68
 7.10
 8.24
 7.86
 8.11
 8.92
 7.08
 7.74
 7.35
 8.47
 7.58
 9.98
 6.74
 8.08
 8.97
 8.62
 7.59
 8.55
 9.02
 8.76
 8.54
 7.25
 7.74
 7.74
 8.27
 7.62
 9.33
 8.67
 6.19
 7.46
 8.54
 8.29
 7.86
 8.42
 7.77
 7.52
 8.31
 9.21
 7.99
 9.98
 7.08
 6.29
 7.82
 7.41
 7.41
 8.65
 6.73
 7.06
 8.87
 6.88
 8.53
 8.43
 7.31
 8.17
 8.39
 8.62
 8.94
 8.07
 8.31
 7.55
 7.94
 7.29
 8.02
 8.89
 7.83
 7.53
 8.13
 7.32
 8.50
 7.02
 8.15
 7.13
 8.88
 8.41
 7.92
 7.81
 8.07
 8.23
 7.34
 7.36
 8.45
 8.36
 7.95
 8.11
 6.82
 8.01
 7.83
 7.94
 8.11
 8.96
 7.68
 7.80
 8.50
 7.05
 7.24
 7.27
 9.70
 7.83
 8.30
 7.37
 7.60
 8.32
 7.53
 7.81
 8.58
 6.83
 7.25
 8.55
 7.85
 8.10
 6.05
 8.95
 7.98
 7.05
 6.44
 7.04
 8.22
 8.34
 7.41
 7.59
 8.11
 8.02
 9.08
 8.21
 7.75
 7.89
 7.47
 6.82
 8.04
 8.72
 7.67
 6.64
 7.34
 6.39
 8.56
 8.50
 7.94
 8.62
 7.82
 8.11
 7.26
 9.39
 7.18
 7.54
 8.04
 7.47
 8.10
 7.88
 8.95
 7.89
 8.11
 7.66
 7.84
 7.78
 8.33
 8.57
 7.90
 8.52
 8.01
 8.92
 8.77
 8.81
 7.68
 7.86
 8.63
 8.08
 8.69
 8.14
 8.59
 7.81
 7.13
 7.28
 8.15
 8.23
 8.01
 6.90
 6.99
 7.20
 8.69
 9.29
 8.36
 6.77
 7.50
 7.24
 7.23
 8.42
 8.45
 8.08
 7.88
 6.29
 7.54
 8.08
 7.56
 8.68
 8.43
 8.20
 7.57
 7.79
 8.32
 7.59
 7.56
 8.58
 6.88
 7.76
 8.05
 8.00
 7.23
 9.09
 8.64
 7.89
 6.85
 8.68
 6.97
 8.62
 8.00
 8.57
 7.40
 8.00
 6.07
 7.59
 8.05
 8.69
 8.66
 8.25
 7.34
 7.58
 8.37
 7.93
 8.46
 7.73
 7.69
 7.78
 7.76
 7.65
 7.97
 9.84
 7.74
 7.72
 7.39
 8.66
 8.00
 7.72
 6.75
 9.32
 8.86
 7.32
 7.90
 7.82
 8.43
 8.15
 7.89
 9.95
 6.51
 8.03
 7.70
 8.05
 8.80
 7.28
 7.92
 7.70
 8.22
 8.41
 7.13
 9.27
 7.78
 8.49
 7.57
 9.53
 7.58
 7.76
 7.14
 8.84
 6.67
 8.43
 7.92
 7.29
 9.19
 8.21
 8.57
 8.93
 7.61
 8.23
 8.80
 9.02
 7.49
 7.58
 7.54
 7.69
 8.78
 7.61
 7.91
 8.17
 7.91
 8.51
 8.07
 8.48
 7.68
 7.58
 7.74
 8.05
 7.72
 7.88
 7.09
 7.59
 8.08
 6.68
 8.09
 9.80
 8.92
 8.29
 8.61
 7.51
 7.95
 8.37
 7.77
 9.54
 8.88
 7.37
 7.88
 8.23
 8.07
 8.42
 8.18
 8.34
 7.34
 7.77
 7.85
 8.39
 8.91
 7.70
 9.52
 7.44
 8.23
 9.11
 8.42
 7.97
 7.29
 8.12
 6.44
 7.20
10.29
 7.21
 7.98
 9.37
 7.70
 8.31
 7.94
 8.07
 7.49
 6.74
 8.13
 8.56
 9.50
 7.27
 8.27
 9.29
 7.42
 7.33
 7.68
 7.93
 8.79
 7.38
 7.98
 8.88
 7.57
 7.27
 7.63
 8.43
 8.50
 8.68
 8.09
 5.90
 7.20
 8.07
 7.64
 7.37
 7.11
 7.12
 7.40
 9.16
 7.37
 8.37
 9.02
 8.17
 8.01
 7.86
 8.30
 7.96
 7.90
 7.82
 6.94
 6.70
 8.45
 6.78
 7.41
 8.21
 8.46
 8.62
 8.40
 7.43
 7.54
 8.84
 6.70
 7.67
 8.50
 6.56
 8.67
 7.93
 8.46
 8.36
 7.62
 6.60
 8.84
 7.83
 8.61
 7.42
 7.62
 7.02
 6.87
 8.21
 7.82
 8.12
 7.72
 8.87
 8.04
 7.65
 7.13
 8.71
 8.93
 6.62
 9.45
 8.17
 8.24
 8.28
 6.62
 8.31
 8.09
 8.39
 7.45
 7.81
 8.24
 8.40
 8.08
 8.47
 7.39
 8.40
 8.72
 9.51
 8.79
 9.47
 7.29
 8.39
 7.78
 7.96
 8.21
 7.18
 7.25
 8.17
 6.49
 8.22
 9.10
 7.63
 7.69
 9.24
 8.34
 8.43
 8.48
 8.11
 8.31
 7.93
 8.81
 7.83
 7.97
 8.44
 8.72
 7.29
 8.18
 7.71
 9.25
 7.86
 8.60
 7.31
 7.13
 6.94
 8.47
 8.69
 7.61
 8.59
 8.00
 8.56
 8.29
 7.35
 8.28
 7.44
 9.07
 8.54
 7.58
 8.46
 8.89
 7.80
 7.07
 6.60
 7.71
 7.95
 7.88
 7.96
 8.80
 8.54
 7.16
 8.38
 8.63
 8.12
 9.33
 7.82
 7.95
 9.00
 6.87
 6.92
 7.50
 7.04
 7.02
 7.67
 8.15
 7.02
 8.08
 7.43
 7.02
 7.34
 8.74
 7.67
 7.91
 6.99
 6.61
 7.34
 7.06
 8.37
 7.53
 9.11
 7.09
 8.99
 7.40
 8.02
 6.26
 8.59
 8.08
 8.72
 7.47
 8.96
 7.27
 7.76
 8.83
 7.63
 9.07
 8.71
 7.05
 8.45
10.32
 6.32
 8.22
 8.74
 7.51
 8.14
 7.85
 7.41
 9.02
 7.91
 7.92
 7.93
 6.50
 8.58
 8.48
 7.93
 9.45
 8.88
 6.63
 7.86
 8.88
 7.21
 7.30
 8.03
 8.02
 8.20
 8.50
 6.38
 7.39
 7.97
 6.76
 8.81
 8.60
 7.98
