16.96
19.13
15.65
17.19
16.00
14.45
17.54
14.66
13.82
12.56
14.12
12.71
17.43
10.75
 9.51
15.08
18.67
14.58
16.64
12.03
13.14
14.04
16.37
15.28
17.30
15.34
14.82
15.63
13.60
14.56
12.34
15.22
13.16
 8.76
18.11
13.57
12.78
14.70
18.53
13.66
12.70
14.90
19.62
16.14
13.90
13.73
13.94
17.96
16.41
18.92
16.45
12.89
15.73
13.21
14.94
13.29
15.53
13.85
15.53
11.35
13.09
12.81
13.15
13.02
14.92
16.18
17.91
14.12
15.63
16.20
18.51
14.70
15.85
14.39
15.14
14.83
15.05
12.58
14.78
12.61
15.48
19.11
13.54
11.77
13.48
14.15
14.07
14.78
18.52
15.37
15.82
16.49
17.47
16.45
15.08
13.98
12.44
17.08
16.31
14.68
16.45
15.05
16.82
15.30
14.51
18.11
12.49
16.83
16.62
13.86
19.11
16.13
12.32
15.73
14.81
13.14
13.29
16.11
15.34
11.48
17.32
15.57
12.24
17.40
14.53
13.53
18.05
19.24
14.51
 9.68
14.34
13.00
14.95
14.39
14.68
16.32
10.89
13.49
16.63
15.08
14.37
16.27
15.70
13.90
14.30
18.82
14.08
15.22
14.82
16.78
11.40
13.65
14.80
16.11
14.08
15.79
13.54
17.78
16.75
17.27
18.05
12.82
14.28
13.31
16.71
13.88
17.28
14.55
14.91
11.26
14.37
12.57
17.67
16.77
15.44
11.92
15.68
13.11
15.70
13.49
15.52
13.98
13.42
14.32
16.27
17.00
12.45
11.22
12.84
13.99
17.34
15.77
14.36
16.99
14.27
14.45
17.08
15.78
12.87
15.37
14.88
16.88
15.25
12.73
15.59
13.92
16.12
13.68
13.85
15.66
17.60
14.78
17.52
14.90
13.04
15.75
17.35
18.90
16.19
13.32
17.18
16.86
13.98
15.93
17.06
15.80
10.67
14.99
18.26
17.14
16.51
15.39
15.54
15.06
13.81
16.48
15.18
14.91
13.31
18.50
13.48
14.30
12.73
13.25
17.74
16.28
15.52
16.30
15.76
17.82
16.10
17.39
15.78
12.40
19.50
14.78
15.88
17.60
16.48
16.96
14.67
15.68
13.60
13.16
12.30
12.07
15.12
16.39
15.41
16.62
14.68
14.08
14.35
15.33
15.74
12.38
14.69
13.10
15.41
15.68
14.08
14.85
12.21
17.16
14.97
14.42
16.99
17.56
15.51
13.95
13.60
14.59
15.34
14.39
11.89
15.49
12.54
16.66
17.55
16.20
14.59
16.55
15.74
17.21
15.73
18.95
13.96
16.08
16.25
13.50
13.08
 8.85
14.37
12.32
10.78
14.28
11.64
12.79
16.57
14.38
18.28
12.67
17.29
18.65
15.20
12.93
17.51
15.25
15.88
13.79
17.81
12.89
13.93
15.88
19.32
16.26
19.53
14.18
16.33
10.64
13.06
14.26
16.92
14.66
15.04
11.96
15.88
15.54
16.06
15.67
15.15
14.79
18.18
15.77
14.38
12.78
16.88
16.91
15.17
14.79
13.08
16.30
16.54
13.19
13.22
14.02
16.51
11.65
17.72
18.22
13.90
11.02
12.16
19.07
14.20
13.78
15.38
16.62
12.25
14.99
14.85
15.51
17.25
15.32
15.73
16.23
 9.57
15.38
15.09
14.16
14.87
16.80
13.66
11.88
18.31
17.25
16.67
11.82
12.90
15.65
14.21
15.16
11.36
13.72
16.20
15.02
12.74
14.48
15.86
16.03
15.76
10.70
14.34
12.12
16.86
15.64
12.43
18.85
19.17
14.13
15.19
16.96
16.62
15.26
13.20
19.23
12.82
13.75
15.40
10.54
14.27
12.05
18.51
18.30
15.22
12.47
14.69
18.26
16.18
14.05
17.97
16.24
17.35
14.90
13.63
12.51
13.84
17.02
13.44
14.57
15.66
10.78
12.31
12.88
13.27
17.68
15.36
16.67
16.47
16.86
15.74
17.11
14.91
16.01
15.42
18.57
12.51
11.69
11.48
14.71
13.95
14.76
14.44
 9.07
16.97
16.54
14.80
12.30
12.50
17.34
11.68
11.95
17.58
15.11
11.50
15.14
15.47
18.41
11.52
12.81
15.83
13.09
15.24
13.53
15.85
15.89
15.93
15.57
13.56
15.96
14.74
15.73
14.20
16.04
15.00
16.79
12.57
15.73
22.14
18.64
12.57
13.53
15.54
17.41
18.04
17.53
17.15
15.16
15.66
14.05
14.45
14.21
11.93
13.90
17.46
14.12
17.08
14.51
15.43
13.64
14.70
17.59
13.68
15.91
17.12
12.06
12.73
15.07
11.66
17.66
15.60
11.70
13.70
15.68
15.22
11.63
15.30
18.91
14.65
15.60
16.25
14.86
19.04
15.90
16.42
18.34
13.93
16.46
13.35
12.95
10.29
13.93
16.10
14.04
16.66
17.08
19.52
18.45
14.05
15.20
14.67
15.67
12.64
13.12
11.02
13.08
16.82
12.74
17.02
12.69
13.31
12.51
15.22
17.37
14.82
15.37
16.92
13.43
13.19
17.56
16.62
15.96
15.07
13.70
13.76
14.20
16.41
15.12
14.52
19.51
12.80
14.54
15.16
16.41
16.78
15.01
15.52
15.11
16.72
14.64
13.91
15.44
14.79
14.60
12.63
14.88
11.29
17.30
16.56
11.35
14.87
15.19
17.48
14.67
16.51
16.51
12.63
14.99
16.61
13.13
11.97
14.72
14.57
15.85
16.10
13.50
14.68
16.62
15.19
12.37
14.66
15.98
14.92
15.00
18.07
11.16
12.70
15.53
14.80
17.29
17.37
12.82
15.27
12.55
14.67
12.00
17.46
16.42
15.43
13.11
13.48
12.53
15.24
13.22
15.63
15.27
11.12
16.48
11.07
14.37
11.70
10.49
15.05
11.97
15.96
14.56
13.78
16.77
17.06
16.23
13.04
16.97
15.36
17.62
12.51
16.71
17.65
15.07
13.79
14.11
14.29
11.84
14.07
14.11
13.99
12.36
17.73
16.81
12.54
10.48
12.74
14.36
12.62
13.55
14.84
12.71
19.30
15.71
14.60
18.19
15.15
14.51
16.31
14.82
16.82
11.80
17.49
13.57
14.72
15.29
14.65
15.21
14.20
14.19
11.80
12.25
12.74
15.43
12.33
14.96
16.10
16.43
13.58
18.06
13.83
14.56
16.75
14.64
12.58
16.74
16.77
15.62
19.52
13.01
17.20
10.37
18.15
16.06
13.70
12.78
13.45
16.78
14.59
15.08
13.34
22.03
16.56
15.55
14.00
14.22
14.16
10.00
12.15
15.84
15.63
19.92
18.59
17.06
15.06
13.08
12.24
12.64
15.29
14.35
15.22
15.04
16.31
15.19
15.05
12.93
16.42
11.97
10.78
17.31
16.30
14.70
13.90
14.38
14.87
16.52
15.62
12.23
15.79
15.50
15.11
14.43
11.69
15.96
15.30
15.03
10.76
14.74
18.65
16.12
16.27
14.70
13.66
15.72
16.39
13.13
12.02
19.27
15.85
11.30
14.42
16.03
16.70
13.59
12.03
16.66
17.72
17.36
18.32
16.89
19.15
18.43
16.21
16.62
16.92
16.92
14.49
12.96
14.18
 9.59
14.91
15.70
16.85
15.03
16.78
17.19
14.70
13.41
16.30
14.07
14.29
15.59
16.09
12.33
16.49
16.70
17.95
15.60
13.65
10.09
17.67
17.71
14.12
14.74
15.24
11.89
15.49
14.29
12.89
13.91
14.26
16.30
14.57
17.36
18.79
15.29
16.91
18.47
18.15
14.09
11.01
19.20
16.37
18.28
15.08
12.82
13.58
13.99
13.17
14.37
13.39
18.49
15.79
12.28
13.95
13.87
16.81
12.67
10.32
14.90
13.55
14.86
18.63
14.98
15.04
18.39
13.77
12.88
12.54
14.62
12.90
17.54
15.55
15.00
16.73
15.02
14.50
16.65
12.58
17.19
15.15
14.88
15.87
17.88
15.39
15.54
13.90
13.88
15.29
16.38
15.43
12.25
15.81
14.10
15.12
17.90
12.84
16.38
18.24
15.65
16.69
13.56
15.95
14.13
17.53
13.70
14.00
17.35
14.27
10.41
14.30
16.88
15.71
16.40
14.05
14.21
16.86
13.95
11.95
11.34
14.28
14.09
14.44
16.23
16.14
14.40
15.34
16.29
18.02
12.94
15.12
15.45
12.77
14.71
17.29
19.36
14.46
11.88
11.69
12.94
13.44
14.46
13.25
18.72
15.72
12.97
15.09
12.61
16.40
18.57
13.44
14.59
16.18
16.01
13.29
13.99
15.13
16.49
14.80
14.82
16.98
11.78
12.64
16.53
17.99
16.17
17.87
18.49
15.69
11.49
14.29
15.98
20.84
11.49
10.16
14.57
15.21
14.79
13.28
14.92
12.46
11.32
13.54
13.75
12.35
18.57
12.95
16.32
15.37
12.99
11.10
18.83
17.45
16.78
16.24
12.94
14.17
17.55
19.63
16.66
15.16
13.77
14.57
14.31
14.89
19.34
15.85
15.89
13.42
16.34
18.58
15.46
15.38
16.22
13.15
14.71
12.87
14.60
14.25
18.70
15.11
13.66
16.70
15.15
14.72
15.33
13.37
17.53
17.92
14.11
15.59
16.73
17.75
17.33
15.61
15.31
14.85
13.08
16.15
15.48
16.44
11.73
18.26
14.84
13.51
12.09
12.95
14.40
16.94
17.71
15.29
13.45
17.20
16.22
14.47
16.86
16.31
13.56
15.58
14.38
16.16
11.96
13.48
17.38
13.71
15.71
14.01
12.34
16.17
13.43
13.70
15.42
14.40
16.29
18.03
13.58
13.83
14.69
15.94
15.22
16.33
15.00
20.76
18.75
17.16
15.64
12.04
17.20
13.73
18.40
13.21
17.43
16.65
17.22
17.65
13.92
16.45
15.90
15.47
13.16
14.36
14.66
17.07
15.89
14.07
11.34
16.29
16.37
16.92
16.43
16.20
15.22
16.44
15.94
15.38
13.29
17.95
15.54
17.29
14.11
13.66
12.57
11.89
13.72
16.90
14.99
14.81
12.47
18.10
16.54
17.70
15.99
14.12
12.70
16.98
18.53
14.50
15.85
12.95
15.77
16.88
16.71
15.04
15.77
16.44
12.36
 9.86
16.56
13.37
13.52
14.60
15.61
17.15
15.28
18.20
15.82
15.60
16.38
14.07
15.14
15.83
11.60
16.71
16.15
13.36
16.06
11.75
15.81
15.90
15.96
16.18
17.81
14.67
12.68
14.87
13.08
18.45
18.90
14.44
17.68
17.42
15.77
12.02
13.94
13.74
17.16
14.60
14.02
15.32
16.66
16.72
12.54
11.89
13.89
16.57
13.16
13.55
13.22
17.06
14.33
15.23
14.79
13.98
13.91
16.07
14.39
16.98
13.85
13.76
13.70
15.01
15.27
14.25
17.92
14.78
16.63
12.57
16.88
17.06
15.27
14.49
13.30
17.71
12.24
17.46
13.05
13.74
13.31
13.86
16.01
15.99
16.01
17.90
14.36
16.24
14.16
14.50
12.99
15.21
14.32
19.81
15.71
12.77
16.81
12.48
15.02
13.97
13.80
13.36
17.52
16.72
12.95
16.20
15.72
13.65
16.50
15.26
15.45
10.79
17.07
12.47
15.72
14.52
14.98
16.24
15.16
16.65
13.07
15.15
16.19
18.30
14.19
14.03
17.06
15.13
14.61
16.06
14.58
14.30
12.54
14.03
14.22
14.34
13.47
16.16
16.32
18.45
19.03
18.19
12.77
12.82
17.36
14.81
18.50
14.45
16.80
16.75
16.25
15.72
15.60
17.09
12.48
14.90
17.20
12.90
13.93
13.78
14.35
13.72
15.96
18.30
19.55
17.73
16.64
13.57
12.84
17.25
12.35
11.45
14.09
16.95
14.04
17.24
12.31
15.99
15.20
13.66
15.85
14.18
15.45
12.08
14.69
14.09
 8.99
12.54
14.41
13.69
14.88
16.67
13.12
14.29
16.40
11.50
14.88
15.15
14.63
10.04
13.87
15.70
15.47
17.98
14.66
13.95
18.17
14.17
13.92
12.90
14.93
14.95
15.35
15.11
12.36
16.13
14.70
15.70
15.97
13.69
12.66
13.79
18.78
14.01
12.99
17.67
16.49
14.93
14.41
14.08
12.98
15.54
16.52
16.64
13.63
15.36
17.43
15.26
14.75
14.14
14.67
17.04
15.29
17.59
14.98
13.14
14.59
17.28
14.49
18.94
15.55
12.74
14.51
12.22
13.45
15.92
19.24
14.54
14.05
13.99
15.76
14.62
12.91
19.51
14.23
14.43
15.96
15.52
13.30
18.79
15.45
20.32
14.50
16.72
16.76
15.09
12.84
15.83
17.32
14.04
16.90
16.00
18.63
14.80
15.24
12.88
15.12
14.19
11.90
14.44
12.95
14.90
14.45
17.56
13.07
14.79
13.91
12.70
12.52
17.94
13.73
13.72
16.03
14.18
14.51
14.60
13.41
14.40
12.75
16.31
13.98
14.16
17.88
13.27
13.80
12.03
15.43
16.28
15.20
12.10
17.11
16.91
13.98
15.50
17.88
15.67
16.36
13.41
12.24
11.63
19.07
16.19
14.80
14.52
14.37
16.06
18.42
16.88
14.15
14.90
12.49
14.82
14.39
16.88
11.65
12.97
14.16
13.78
19.08
17.57
15.43
17.33
14.34
14.10
14.23
11.88
14.86
13.28
12.17
18.27
19.88
16.45
11.56
15.54
12.11
13.42
15.32
16.27
11.96
15.78
13.36
12.46
13.90
18.79
16.27
13.68
13.92
13.00
15.23
14.08
17.67
17.36
15.24
16.18
12.78
13.12
14.81
14.39
15.42
13.73
14.83
13.57
14.97
13.25
13.25
16.67
15.33
17.94
14.80
13.89
15.96
15.95
13.24
13.03
14.54
15.58
16.38
16.71
15.40
15.67
12.22
14.51
13.79
12.11
12.32
14.37
20.30
15.67
13.60
19.47
 9.25
 9.12
12.31
14.73
12.94
18.96
13.83
17.36
13.75
15.82
16.69
17.10
16.01
13.97
16.73
15.87
15.49
11.79
13.00
17.90
16.53
19.40
16.55
14.78
16.76
11.42
14.84
13.13
17.45
15.51
13.58
14.70
13.25
16.17
16.90
15.23
13.48
16.11
14.30
10.85
14.61
15.28
16.19
13.29
10.96
14.06
16.66
16.27
18.57
16.80
18.75
13.95
20.81
13.91
12.41
15.31
14.75
12.53
15.09
10.99
13.68
15.33
17.98
15.13
14.50
14.85
16.99
18.23
14.78
16.06
13.13
11.59
13.25
14.77
16.08
13.75
19.31
14.51
15.60
18.10
13.48
14.87
15.67
13.05
18.11
14.57
12.92
15.36
15.87
13.82
15.90
14.40
11.82
13.91
17.33
11.21
17.91
14.30
12.11
12.75
12.79
14.00
14.42
15.96
15.97
16.79
15.00
11.05
16.23
16.01
14.05
13.97
10.30
16.97
16.10
18.33
16.53
12.80
14.49
19.07
10.85
16.04
18.80
13.70
14.99
14.95
15.09
17.96
15.85
17.14
14.73
15.88
14.31
12.49
12.69
11.70
13.86
15.88
14.95
12.62
13.28
16.28
17.06
16.80
18.66
16.24
17.65
17.96
11.46
16.69
15.08
14.58
16.50
14.06
12.87
15.46
19.26
13.88
17.11
10.99
10.56
18.95
14.90
16.85
14.77
15.06
18.59
13.04
12.22
16.36
13.95
16.37
11.94
13.96
14.87
16.79
14.45
15.53
17.68
16.87
19.12
14.81
14.02
13.23
15.34
13.52
14.12
15.35
17.49
14.45
13.41
15.24
17.22
16.27
13.19
13.87
17.07
14.14
15.73
10.62
16.65
15.00
13.62
14.46
12.77
15.65
17.02
15.91
17.05
10.99
13.50
17.19
19.65
15.69
12.28
12.59
15.62
14.11
 9.56
13.83
15.67
15.95
15.95
18.75
12.37
16.92
14.67
17.01
15.44
12.22
16.19
17.07
15.95
15.54
13.57
12.58
15.40
13.13
15.81
13.79
15.05
16.12
13.77
14.28
15.48
13.33
11.02
16.72
15.14
10.15
13.52
16.47
12.83
19.75
13.83
14.79
15.59
12.65
12.90
14.97
15.11
17.46
12.98
14.84
17.18
16.95
12.49
14.42
18.68
11.13
16.46
14.34
11.74
13.38
14.94
11.41
15.05
17.23
11.55
13.02
15.56
16.52
13.77
15.90
17.54
16.63
14.33
14.44
14.37
12.83
13.86
11.79
14.47
17.96
16.91
14.46
14.93
15.79
14.54
16.07
16.31
16.43
11.13
17.81
15.35
12.39
15.37
16.25
11.95
13.25
14.28
18.13
13.98
15.01
14.86
12.93
15.99
15.15
13.06
14.53
15.66
15.42
16.64
12.62
13.25
12.51
12.77
14.28
11.41
12.63
17.03
16.65
17.11
17.32
15.22
11.72
14.36
11.58
14.07
12.34
15.64
12.39
14.77
15.12
13.48
14.51
17.28
11.23
11.97
12.80
14.66
15.60
14.69
15.66
18.58
12.66
14.47
15.82
17.86
16.85
17.14
16.63
16.77
12.15
17.68
15.84
12.87
12.44
14.55
13.40
16.24
15.38
14.32
14.23
11.58
16.84
14.06
16.60
15.10
13.59
15.90
16.74
17.60
12.84
13.16
13.70
15.58
16.66
18.13
13.29
14.56
13.96
18.09
14.23
14.42
13.49
15.34
15.50
14.73
16.01
11.55
13.80
12.46
16.74
15.58
17.24
15.61
14.75
14.21
16.56
13.79
18.68
17.55
13.33
18.22
16.28
14.70
18.37
17.43
12.92
16.30
16.76
15.14
13.15
14.80
13.99
15.34
12.06
14.19
12.34
14.21
14.29
11.85
16.94
16.86
17.39
16.63
11.98
14.41
15.12
13.67
14.83
15.27
14.36
11.94
14.47
14.80
13.65
13.03
17.34
16.34
13.90
18.48
16.65
15.65
10.20
18.14
16.47
11.56
13.09
12.62
17.00
17.83
16.38
14.05
15.15
16.11
13.84
12.14
13.52
16.65
13.89
13.07
11.68
13.53
11.13
17.23
13.41
14.94
15.39
15.27
12.42
14.94
14.03
12.16
14.56
14.59
12.53
14.62
17.02
13.78
19.01
17.05
14.22
17.11
16.87
13.06
19.01
16.73
16.11
17.57
13.67
14.71
16.04
16.36
14.92
14.67
16.07
15.99
14.97
18.65
12.68
15.38
13.64
15.51
17.21
17.97
16.79
13.75
13.66
11.81
15.19
17.11
16.37
15.90
15.89
14.14
12.36
16.56
11.95
14.52
16.88
11.88
16.46
14.15
14.35
14.68
16.95
15.59
17.03
15.15
16.75
16.87
12.97
15.69
16.75
15.21
14.60
16.06
13.69
18.87
13.07
12.77
15.19
14.51
18.53
14.77
14.29
15.22
14.06
14.59
14.07
14.37
17.48
18.26
15.62
17.22
14.63
15.43
17.42
17.54
17.00
19.17
15.44
17.48
15.62
11.76
14.03
16.13
13.96
14.10
16.81
14.62
14.85
11.19
16.20
12.96
14.55
17.19
15.20
14.45
13.62
17.08
15.65
13.38
17.63
11.75
16.48
10.93
15.44
15.96
12.84
11.74
12.01
13.81
13.78
15.12
16.89
18.19
15.51
16.47
15.13
14.92
17.72
14.43
15.86
16.40
16.79
17.06
14.21
16.02
11.50
15.40
13.30
13.66
12.39
19.20
16.41
13.33
16.53
12.09
11.04
14.68
16.81
11.27
17.25
16.28
14.41
17.38
14.09
20.87
10.61
15.67
17.19
15.74
18.46
15.30
15.55
13.07
17.28
16.57
16.03
15.14
11.80
16.58
14.62
16.82
12.88
18.63
13.24
16.31
14.61
17.52
14.42
12.49
14.11
16.37
12.60
17.30
15.26
12.48
16.02
17.13
15.34
11.97
15.38
12.69
16.02
18.58
12.50
15.03
16.35
13.66
14.79
15.40
15.82
15.71
15.31
16.49
17.58
16.40
15.20
14.93
14.84
13.96
11.31
15.96
13.40
13.64
15.22
16.40
14.80
16.27
14.06
13.11
13.37
13.63
14.54
18.77
11.96
12.49
15.54
16.83
15.36
13.20
15.31
14.14
11.31
15.64
15.35
14.55
15.74
15.13
18.50
13.29
15.66
15.42
11.37
17.90
16.50
11.10
16.54
16.92
16.14
14.84
12.16
17.28
15.50
14.94
21.94
13.16
13.17
12.23
14.38
12.56
12.62
12.67
10.06
15.49
16.73
12.56
13.87
14.41
13.90
15.09
17.06
18.25
12.33
14.98
12.65
17.64
15.68
16.68
15.05
14.49
18.54
14.59
15.08
18.92
17.39
15.28
14.88
12.32
15.10
16.84
14.11
12.61
15.71
14.74
17.83
15.12
13.33
19.60
12.62
12.40
13.36
15.47
16.06
16.79
18.45
15.37
15.27
13.83
16.20
13.21
14.25
12.80
14.91
14.74
17.63
18.72
16.05
15.22
16.59
15.08
14.77
16.76
14.32
15.69
15.65
14.38
15.09
16.02
19.38
13.35
15.22
16.37
14.11
13.79
16.90
16.02
14.74
12.35
16.01
14.71
17.39
14.06
14.61
13.58
18.45
16.24
15.43
12.36
13.69
14.27
12.78
18.70
11.95
13.18
15.60
15.70
14.21
18.28
13.17
10.31
16.84
12.20
12.60
13.10
17.91
15.64
15.91
16.87
12.65
15.84
14.95
16.61
13.40
14.44
14.61
14.96
14.97
19.38
14.80
14.29
16.63
 8.62
17.67
17.75
17.57
12.85
15.37
12.29
16.23
16.05
13.95
12.36
17.80
11.35
13.55
16.22
13.68
13.79
14.95
 8.70
13.80
11.78
14.08
18.04
17.19
15.97
13.15
16.09
20.21
16.44
13.67
14.55
12.77
15.75
12.11
17.75
17.62
14.08
14.83
13.78
16.60
14.05
14.79
10.41
15.56
17.28
15.51
15.31
15.62
10.03
15.71
19.82
13.15
17.50
15.87
10.78
15.00
12.94
17.18
15.97
14.69
15.96
16.46
16.03
12.61
15.05
16.29
16.02
15.35
17.10
16.52
15.26
16.40
17.10
14.62
14.88
17.74
15.69
16.07
12.91
17.10
11.14
13.17
14.37
14.54
12.49
16.80
17.39
16.16
15.43
13.77
13.89
17.79
12.06
14.25
14.01
12.03
16.14
12.77
15.53
14.74
14.45
13.19
14.29
17.97
17.95
14.74
18.70
13.91
13.29
11.78
15.28
15.75
11.04
16.13
12.32
16.14
16.26
14.56
18.49
17.22
17.34
15.25
14.80
12.71
12.56
16.60
18.87
14.53
15.83
12.55
15.06
17.79
13.35
14.45
12.42
14.43
13.66
15.77
11.38
14.99
17.21
13.94
16.96
12.96
15.39
13.05
16.44
18.07
14.87
17.42
15.56
14.27
16.02
13.67
16.87
12.07
 9.68
14.29
17.32
13.68
14.94
18.96
14.10
12.94
13.55
16.60
14.67
16.72
16.19
15.15
11.91
14.24
17.35
10.30
12.00
14.41
13.96
12.99
15.86
14.08
15.68
11.72
10.14
14.93
17.14
12.82
15.88
14.53
12.75
15.02
14.47
15.92
11.29
17.27
14.47
15.84
 8.88
14.50
16.89
16.58
11.97
15.48
15.84
13.42
12.19
13.06
13.60
16.57
16.54
12.55
17.29
13.95
17.18
16.25
19.52
17.05
16.42
15.34
15.30
16.31
12.46
15.54
16.22
10.92
15.01
17.56
13.24
14.95
12.19
18.32
17.86
15.08
14.13
18.46
12.94
16.54
15.72
13.58
15.36
11.95
15.65
14.21
15.47
18.45
11.61
14.30
15.82
13.49
13.23
17.82
15.42
15.05
15.05
15.08
13.87
16.71
14.93
13.73
16.44
11.87
12.23
17.78
13.74
12.59
17.17
17.02
15.77
14.40
13.50
16.15
13.43
13.42
14.17
15.42
12.96
14.32
14.86
13.07
16.03
15.15
11.69
15.65
15.29
15.66
12.76
16.23
14.06
12.79
13.80
13.30
14.08
17.88
13.99
15.78
11.50
13.83
13.35
10.51
18.42
13.99
16.71
13.38
10.67
17.08
13.49
18.80
18.09
15.92
16.65
14.36
14.82
14.41
16.51
13.27
15.94
19.00
15.44
13.85
14.04
15.45
14.36
15.36
10.93
13.83
15.55
14.75
19.32
18.73
11.02
12.65
12.55
15.42
16.36
14.74
11.07
18.49
16.36
13.93
12.51
14.02
13.79
12.79
15.82
14.77
16.39
15.13
14.29
15.74
17.31
16.02
15.38
12.47
12.47
12.26
12.77
15.27
16.47
18.66
15.16
17.74
12.74
13.43
15.76
14.49
11.52
11.97
14.09
13.22
13.90
13.38
14.52
15.70
13.16
14.40
15.70
13.47
16.62
15.50
16.89
10.56
16.61
15.45
12.03
15.28
15.07
16.34
17.33
14.85
13.38
15.36
17.35
17.12
14.07
13.11
15.57
14.67
16.66
14.63
15.22
11.09
16.24
16.71
15.79
17.02
15.97
10.84
16.53
15.24
14.93
16.90
12.17
18.16
13.86
16.18
14.16
16.83
14.32
16.05
16.03
15.20
14.66
16.55
14.37
17.79
19.08
14.51
11.64
17.33
12.98
11.49
15.51
13.66
12.87
16.50
13.33
13.87
14.81
14.49
17.00
16.29
16.95
13.95
18.75
15.38
16.70
15.39
15.65
14.94
15.07
14.01
13.89
14.26
15.86
15.01
11.87
14.27
17.02
14.17
14.66
16.07
14.54
15.80
15.35
14.91
15.19
14.77
15.66
16.28
10.07
14.40
15.30
14.73
10.92
10.50
15.45
17.51
17.82
15.25
14.24
11.48
15.15
19.19
17.91
14.86
16.93
15.35
13.35
15.08
15.64
16.51
17.91
14.96
15.75
19.58
14.38
15.30
12.08
14.29
15.29
13.03
11.99
12.39
15.86
12.75
16.88
14.84
13.90
13.38
12.38
16.27
13.68
14.39
15.34
11.43
15.78
15.19
15.31
14.01
17.39
14.05
16.06
17.23
15.58
16.69
14.14
17.92
16.12
16.48
15.63
16.74
16.74
15.55
11.25
13.31
16.70
15.59
18.00
16.26
14.51
14.44
15.41
13.40
16.32
14.74
18.03
13.35
13.38
16.39
15.70
17.82
17.14
16.11
13.06
18.73
15.31
13.28
14.68
12.63
19.09
18.32
13.18
13.31
20.59
17.72
16.05
14.85
11.77
15.61
16.49
17.23
15.29
16.96
10.87
13.30
12.44
10.66
11.93
15.72
14.78
16.21
15.47
15.91
14.48
15.43
16.77
13.12
17.52
13.92
12.82
17.08
13.16
14.69
13.21
14.92
12.32
16.97
12.92
12.60
17.38
16.02
18.74
15.86
13.99
11.94
18.78
13.91
16.78
16.49
15.80
14.56
17.96
18.51
14.64
15.01
17.21
14.89
15.17
19.18
11.79
15.07
14.32
15.53
14.42
16.47
16.78
15.37
14.39
13.24
12.50
12.83
13.07
15.16
13.12
12.15
15.83
14.20
13.39
13.47
16.37
19.27
15.71
14.76
12.76
12.48
13.69
11.40
14.59
12.70
14.72
18.03
11.72
14.39
13.63
10.85
11.77
12.72
14.97
13.16
15.20
18.65
14.22
11.80
14.78
12.39
20.68
16.55
14.50
17.72
14.93
18.55
14.35
15.54
14.36
18.83
14.51
12.26
15.47
11.67
15.51
13.50
14.55
15.05
11.42
15.94
13.94
15.48
15.94
14.15
19.34
 9.56
15.07
16.67
13.22
15.84
14.26
15.03
13.87
15.26
14.69
15.46
16.50
10.44
16.59
13.09
14.98
13.30
13.30
14.33
18.49
16.01
18.90
15.41
12.77
16.58
14.66
16.44
16.14
14.07
19.00
13.69
15.40
13.56
16.90
13.12
15.53
16.25
12.65
11.93
14.97
14.99
13.62
13.63
14.85
14.04
16.26
15.80
11.79
14.01
16.15
12.36
13.23
13.39
16.34
14.55
15.53
16.14
11.06
15.88
12.84
15.42
14.00
16.27
14.98
12.45
10.31
 9.69
14.16
13.80
13.49
16.08
14.48
13.48
14.73
16.20
15.25
16.78
15.91
14.34
16.80
14.90
14.98
13.65
16.73
16.56
14.24
11.24
15.85
15.03
19.42
11.30
14.79
14.17
15.59
15.23
13.96
11.87
13.37
13.58
17.29
14.61
17.86
16.08
16.81
13.35
16.48
14.49
16.58
13.11
11.24
14.55
14.25
18.29
14.18
16.76
12.30
14.71
13.94
14.00
15.55
19.57
14.73
14.88
15.71
15.61
13.86
13.63
18.37
17.90
12.86
11.97
14.23
14.43
15.09
13.64
12.38
13.16
15.62
10.86
14.09
16.70
14.57
17.22
15.01
13.97
15.04
15.57
14.18
15.86
12.71
13.58
18.18
17.03
12.99
15.29
12.69
13.61
13.84
12.30
13.14
15.26
17.71
14.90
17.10
14.74
14.83
16.24
13.57
14.37
16.75
13.21
15.48
16.60
15.71
17.31
12.89
12.94
13.95
17.45
16.52
16.56
14.05
16.40
11.45
13.91
17.55
13.71
13.18
15.27
14.57
13.57
11.96
16.50
12.70
16.62
16.06
15.81
15.77
14.99
13.33
17.88
14.69
11.57
17.07
14.83
16.80
15.97
13.75
13.77
15.98
16.18
16.91
14.08
14.91
17.51
16.74
18.06
18.17
13.90
12.57
16.00
20.28
17.70
15.63
13.18
16.62
15.41
16.63
11.79
14.00
16.27
14.05
16.43
16.08
14.65
14.15
13.92
11.98
12.08
13.15
17.59
13.88
14.63
13.98
14.48
17.33
17.18
13.31
14.06
15.39
14.81
15.62
15.27
13.59
15.37
18.06
14.18
16.90
14.56
13.90
10.74
15.55
14.47
18.56
13.60
15.22
12.61
19.37
15.27
18.01
11.89
14.67
17.72
12.81
14.73
12.05
18.91
13.16
15.93
16.55
15.67
12.57
15.70
16.66
17.90
15.12
16.62
13.10
12.05
15.46
18.26
15.43
15.05
14.96
16.22
11.60
15.97
12.07
11.00
15.40
14.04
14.49
18.80
16.01
14.33
14.11
16.61
17.39
17.96
17.54
14.09
16.11
11.44
15.30
14.86
14.87
13.95
12.69
12.98
16.03
13.11
14.00
10.06
13.61
15.70
18.99
16.86
14.82
13.23
14.08
13.42
14.43
10.92
20.25
13.15
17.50
17.38
16.02
15.38
14.18
13.97
15.12
11.13
15.37
19.35
14.74
13.35
17.80
19.97
14.88
13.21
16.99
14.10
18.22
15.72
14.01
16.84
15.98
17.33
15.84
12.59
14.53
13.81
13.16
16.08
11.03
16.89
15.46
13.60
16.16
14.60
16.46
17.06
16.65
14.95
16.54
17.34
 9.21
10.65
16.70
13.40
18.06
12.91
17.10
14.13
16.29
15.67
13.34
13.93
11.58
15.01
16.20
16.84
15.09
16.23
14.17
15.82
16.22
16.62
13.29
19.55
15.76
15.36
14.41
14.82
18.96
13.59
12.28
13.22
14.14
15.04
17.28
13.97
13.15
15.83
13.70
15.67
17.28
15.15
14.90
14.86
17.08
16.92
14.52
14.53
15.82
16.08
17.05
13.33
14.27
16.71
12.91
14.50
15.44
11.67
13.35
14.96
14.55
12.59
15.06
11.88
12.12
16.78
12.40
13.73
15.82
14.20
14.55
11.28
15.07
14.94
14.03
13.73
12.46
14.70
14.79
16.29
16.05
16.60
10.29
13.91
11.18
11.88
13.11
14.69
14.72
13.36
20.01
15.75
14.08
14.70
15.29
14.71
13.94
16.16
18.16
16.34
14.97
15.93
11.60
16.63
16.76
15.53
17.71
12.05
17.26
16.64
12.80
18.81
15.96
17.39
16.00
16.91
15.59
10.55
10.97
13.14
14.78
15.67
20.71
15.31
14.43
14.89
15.54
17.15
14.23
12.26
14.11
16.77
11.50
15.10
17.68
17.63
18.63
13.49
15.53
12.67
11.09
10.94
15.39
12.57
15.50
14.43
17.51
15.02
19.35
15.28
13.39
13.47
 9.99
13.66
18.62
18.06
15.61
18.51
15.10
14.36
18.33
14.50
15.71
15.06
13.50
15.24
13.95
13.34
15.61
15.32
13.43
15.47
15.53
15.25
16.07
20.00
13.26
15.80
13.71
19.35
13.59
18.46
14.64
19.22
12.32
13.15
13.14
15.82
17.66
14.63
14.38
14.33
15.97
12.45
11.02
16.26
15.20
17.23
14.53
12.70
17.22
16.42
16.72
15.15
17.69
12.30
16.63
16.70
14.88
15.89
11.72
11.24
16.06
18.99
14.93
14.93
13.84
14.34
17.66
13.21
19.55
15.93
14.83
14.11
14.40
16.14
19.29
17.48
13.99
17.08
16.25
12.29
16.49
17.46
12.89
15.41
14.99
16.37
12.59
15.29
12.90
16.25
17.62
15.58
17.16
17.36
15.62
15.56
13.75
12.41
13.97
16.91
11.62
14.49
13.20
16.47
11.46
12.77
12.41
11.69
13.07
16.13
11.68
13.87
14.08
 8.75
15.26
14.71
13.45
14.31
14.55
16.13
17.27
15.81
14.68
14.22
16.10
18.52
14.55
10.35
14.89
16.10
17.40
14.04
14.01
14.36
15.51
14.69
13.24
14.29
16.02
11.30
15.24
16.69
15.26
17.53
14.20
15.28
12.24
14.07
18.14
14.64
17.02
12.77
14.08
14.86
13.27
14.71
19.93
16.76
15.39
10.57
14.55
10.03
14.65
17.35
15.07
19.30
16.62
18.19
11.92
14.79
17.76
13.03
19.10
18.80
14.07
12.62
12.85
17.10
16.72
18.45
13.73
18.01
13.31
16.65
15.58
16.54
11.07
15.90
18.85
15.31
13.77
13.24
15.64
16.83
14.71
18.35
15.92
17.32
13.91
13.95
11.08
14.35
14.25
15.14
15.42
17.12
12.75
14.33
10.76
16.38
12.95
11.95
14.51
17.81
14.03
16.52
14.72
12.37
11.69
17.85
15.47
13.32
13.75
17.64
14.88
13.68
15.06
15.08
15.40
16.12
13.78
18.72
11.54
13.34
11.71
16.57
18.44
14.68
15.20
19.90
11.99
18.32
16.51
14.86
15.93
15.32
12.59
15.28
14.41
10.76
15.84
16.00
14.70
14.64
12.75
18.28
13.97
18.85
13.93
16.54
16.88
15.42
15.61
13.04
11.91
15.09
19.94
16.60
16.14
14.39
14.71
16.19
12.67
17.29
16.39
11.90
15.98
15.04
14.48
12.14
15.33
14.22
17.93
11.22
14.54
15.84
16.81
15.53
15.71
13.18
19.63
12.46
17.54
14.02
15.63
13.17
15.25
15.62
17.27
12.62
15.31
15.49
15.30
15.14
14.94
16.87
17.18
13.43
13.99
15.54
14.76
17.54
13.27
18.38
14.53
15.54
14.43
11.04
12.79
17.94
10.66
13.43
14.65
16.67
12.79
13.53
16.70
16.47
12.54
14.79
14.99
14.90
17.70
13.21
15.28
14.24
15.78
14.12
16.38
15.16
18.49
15.51
15.21
12.01
13.46
13.34
15.81
12.23
12.87
14.11
15.96
18.05
13.79
15.31
15.68
13.17
15.96
13.69
16.41
14.59
12.56
17.95
17.74
14.96
16.25
14.11
12.42
11.43
14.35
13.95
15.74
13.89
13.22
14.15
14.82
14.00
12.95
15.58
16.02
16.34
15.95
16.47
15.73
14.57
16.12
12.83
15.70
15.47
14.54
15.76
15.62
15.04
16.09
12.71
13.48
18.71
16.51
17.59
11.69
13.70
13.60
12.52
15.33
18.31
14.55
13.56
13.20
15.93
16.70
17.05
15.69
15.31
14.08
12.04
16.18
19.23
14.94
12.68
19.26
14.82
11.86
15.09
14.08
17.86
15.75
17.95
13.70
14.80
13.03
15.10
16.00
18.69
18.26
16.43
11.03
14.84
13.78
12.66
15.28
16.30
11.46
13.87
12.66
15.29
13.72
15.72
13.43
15.74
15.58
14.60
13.61
 9.29
15.88
14.97
14.84
17.21
16.19
14.49
15.33
17.96
13.06
17.00
16.00
15.28
18.18
11.98
19.11
15.23
13.09
15.95
16.58
17.48
14.80
12.78
11.47
15.43
13.68
13.33
14.64
16.65
15.23
11.74
11.74
11.50
14.95
16.63
12.55
12.14
15.62
14.84
15.69
13.52
13.38
13.80
16.84
17.06
14.08
13.43
15.89
16.16
13.19
14.46
18.81
14.26
10.71
17.54
13.28
16.17
13.49
13.11
14.18
15.21
11.34
12.90
12.11
15.17
16.90
13.35
14.56
12.87
12.17
16.74
15.02
15.70
13.38
16.53
13.87
16.10
11.71
13.77
16.15
16.20
14.72
14.46
13.27
11.01
15.75
15.99
17.51
18.86
16.67
15.42
19.26
13.41
15.22
15.05
13.58
12.97
13.58
12.72
17.73
13.14
12.41
14.93
13.20
13.21
17.54
12.93
15.72
16.81
14.28
16.51
15.95
15.21
18.55
12.01
16.16
17.07
13.84
15.97
19.13
16.86
18.52
15.86
14.45
14.26
10.16
15.01
15.53
14.58
18.32
14.61
17.46
17.09
14.91
15.31
16.24
16.22
14.55
16.37
13.01
16.88
11.82
14.80
11.70
14.87
18.17
11.59
11.04
17.50
15.33
13.35
14.34
15.11
17.83
14.59
12.24
15.66
14.35
14.83
17.91
14.69
14.46
19.35
17.36
13.81
18.71
17.10
19.08
15.56
12.91
19.67
12.76
15.36
12.35
15.27
17.06
13.98
15.49
11.80
16.54
12.92
15.09
16.84
15.45
15.05
14.51
12.78
16.73
19.23
16.05
16.32
14.75
13.46
15.87
15.52
13.42
12.91
13.79
16.32
14.10
16.05
16.91
14.92
17.05
14.07
14.58
19.16
17.48
15.01
10.02
13.01
17.22
14.35
14.81
15.57
18.27
13.99
16.67
17.29
15.25
12.44
14.95
16.45
10.80
16.39
16.80
15.55
16.19
16.81
10.32
18.78
11.34
15.67
14.08
14.48
16.09
14.15
19.91
15.97
15.63
16.88
13.73
15.91
11.37
18.02
17.32
19.51
12.70
12.98
14.77
14.03
16.90
12.94
15.98
17.90
13.55
15.38
17.26
14.45
14.41
15.57
15.21
13.46
13.42
14.60
17.48
15.43
14.05
14.93
14.86
13.45
16.93
13.60
11.72
12.43
15.92
11.92
14.10
18.49
13.52
12.99
14.79
15.34
12.08
15.20
13.61
13.30
11.52
15.42
15.22
18.86
16.39
18.06
18.54
15.07
16.14
18.38
12.44
16.51
13.94
15.53
15.10
17.85
 8.87
13.43
16.59
13.45
16.54
12.56
12.36
15.12
16.91
15.61
15.16
19.15
17.01
15.69
18.51
12.50
15.93
12.02
14.48
16.88
13.60
19.14
12.15
15.76
13.18
14.35
12.97
13.68
16.21
18.80
16.13
15.78
17.89
17.91
13.58
11.75
15.16
13.58
16.77
16.36
16.15
15.41
10.20
19.92
19.17
16.00
15.08
17.07
17.00
16.59
15.38
13.69
15.28
17.09
12.04
13.82
16.14
14.03
12.48
 9.36
12.62
16.28
13.44
14.58
17.40
15.84
17.98
18.65
12.40
12.32
15.87
15.48
14.28
12.03
16.60
12.49
14.12
14.00
13.45
14.19
12.91
13.55
14.45
16.88
14.24
12.73
18.14
16.24
14.39
16.88
14.59
16.78
18.85
12.66
15.98
15.37
12.87
15.92
14.02
17.97
16.05
13.00
12.07
13.10
12.82
11.41
16.77
16.79
13.48
15.04
11.72
15.63
11.90
13.01
14.40
15.26
12.15
15.00
12.54
13.87
11.17
14.33
15.68
14.47
12.85
16.85
14.16
13.70
14.25
19.65
14.40
14.49
14.77
10.69
15.27
14.63
14.20
14.79
13.18
14.91
14.36
15.41
18.83
15.72
14.10
18.51
14.32
16.03
18.30
16.83
15.89
15.36
18.37
16.05
13.76
18.11
12.47
15.50
14.40
15.42
14.75
12.97
18.33
12.42
15.44
16.16
14.73
12.86
10.28
13.65
18.97
16.77
13.01
12.39
13.80
13.71
14.44
13.81
14.03
16.68
12.36
17.42
11.97
15.18
16.88
16.30
16.46
17.51
10.36
10.38
16.23
17.59
16.58
18.37
15.65
16.86
13.30
14.40
16.78
16.09
16.05
15.38
12.11
11.28
14.21
16.84
14.51
18.64
12.55
12.62
11.19
 9.72
16.70
12.28
10.29
15.83
16.66
18.36
15.15
14.20
15.99
14.94
17.48
13.11
15.79
13.09
15.71
16.34
18.01
14.29
14.06
18.06
18.84
14.52
17.86
15.81
14.35
15.17
16.54
15.85
18.83
15.23
17.15
16.22
13.53
15.84
15.22
16.64
17.51
14.09
17.10
13.88
16.12
14.74
16.54
16.83
13.04
12.57
13.76
17.01
15.98
15.21
13.83
13.41
16.98
14.08
15.57
14.44
14.88
12.02
15.58
14.31
12.92
16.20
16.04
13.43
14.25
12.19
14.59
14.11
10.58
16.63
16.18
13.79
12.21
16.22
14.66
15.49
17.65
16.08
14.67
13.25
12.81
14.99
18.28
15.23
17.18
14.94
12.34
14.92
14.07
16.27
16.51
15.24
14.26
12.89
15.85
15.75
13.34
13.63
17.05
15.98
15.42
15.41
14.24
14.61
14.17
15.14
16.84
17.48
15.25
17.52
15.66
11.92
14.03
15.74
20.20
14.35
14.26
14.71
14.16
13.55
13.64
14.34
17.56
12.54
12.76
13.71
12.29
16.16
14.08
13.08
15.80
12.70
17.30
11.25
17.51
12.50
14.86
17.27
15.23
13.75
13.18
10.41
14.82
13.45
12.78
11.97
14.20
14.82
14.44
16.87
15.88
13.53
15.49
14.89
15.88
17.94
13.63
15.83
12.23
14.01
13.88
15.42
17.67
13.40
13.13
17.00
13.61
13.80
17.28
15.23
16.52
16.69
15.93
17.26
13.94
14.12
15.52
13.16
15.11
14.12
14.49
16.56
13.52
15.73
13.57
17.27
15.68
16.36
13.60
15.92
14.81
17.51
14.51
13.07
20.59
17.71
16.39
13.75
14.94
15.28
16.21
14.64
15.29
15.07
15.42
 9.34
14.26
11.15
12.42
17.87
15.87
10.61
11.88
15.23
12.76
13.60
10.20
15.03
15.97
16.88
13.14
13.58
16.38
15.09
16.49
19.13
15.84
14.03
13.64
17.41
14.14
16.34
12.30
15.91
15.77
15.64
12.25
16.31
12.87
15.30
16.82
13.99
14.05
14.71
15.19
14.15
11.22
12.01
15.06
12.13
16.71
16.23
14.15
11.26
11.75
13.41
16.41
17.95
15.10
17.59
13.98
11.61
13.52
14.91
16.00
14.49
15.97
16.06
13.40
11.06
14.83
17.92
15.20
13.69
16.07
13.05
11.86
17.35
13.96
17.21
15.44
17.06
11.11
18.13
13.65
11.96
14.49
17.57
14.77
16.00
16.05
16.25
17.58
15.16
15.05
14.18
18.31
16.42
17.03
12.13
17.84
17.52
14.09
15.48
15.07
15.34
14.88
19.19
12.07
15.37
14.92
13.22
13.82
14.98
13.33
17.34
15.25
15.89
17.17
10.71
15.04
16.57
17.92
13.58
18.56
12.43
15.70
18.13
12.88
12.16
11.57
13.33
15.96
14.94
13.42
17.61
15.95
13.09
14.74
15.50
14.21
16.17
13.23
11.13
15.21
17.22
17.55
16.13
15.22
11.30
16.29
14.88
16.12
12.83
16.70
17.99
14.94
14.77
17.23
15.23
14.57
16.68
17.47
15.03
13.51
14.71
13.62
12.96
15.02
14.64
18.49
16.49
13.35
 9.15
18.12
17.84
17.90
13.52
11.79
16.78
14.35
14.37
14.42
15.09
16.80
15.77
17.55
13.13
11.01
17.48
15.41
15.80
14.21
16.40
12.92
18.68
16.51
17.22
17.61
16.53
15.76
13.74
18.70
18.04
13.47
16.66
17.61
13.27
 8.61
12.76
15.89
17.60
13.62
12.64
15.14
17.12
17.14
14.59
15.52
12.87
12.48
17.39
13.47
 9.76
17.43
13.08
15.43
15.56
18.05
12.68
15.21
15.19
15.41
11.54
13.64
12.59
12.81
15.00
12.68
18.33
11.30
14.70
17.64
14.92
15.33
18.19
18.29
12.05
14.94
14.08
13.64
12.37
14.08
17.09
16.22
16.31
15.21
13.97
16.18
12.26
17.26
16.37
10.25
15.74
12.21
14.78
14.49
14.86
15.36
12.28
17.78
14.06
17.07
15.64
11.46
14.78
13.04
13.54
16.58
14.76
13.78
14.58
16.26
13.59
14.93
15.17
16.90
19.46
14.25
14.51
12.24
15.37
16.74
12.72
14.11
16.04
16.03
15.61
16.12
16.27
12.89
15.32
16.61
11.91
15.90
13.78
16.26
13.09
14.41
13.15
15.23
14.04
18.39
17.58
10.48
17.66
12.96
15.56
13.14
15.09
11.68
14.04
15.32
11.46
12.97
16.29
18.28
14.50
14.09
17.16
13.69
12.85
13.06
15.67
13.66
17.87
17.12
14.24
13.46
15.09
14.80
15.42
19.35
13.31
13.92
15.99
10.66
13.88
15.54
14.95
14.62
13.57
12.90
13.15
14.60
17.91
12.07
22.05
16.13
13.92
15.83
18.44
15.37
13.88
14.44
16.75
18.75
16.00
13.04
15.26
17.26
11.80
12.90
14.48
18.28
11.70
14.70
15.35
15.60
15.08
16.68
19.79
14.01
16.97
15.73
12.99
13.92
19.78
15.73
17.16
18.71
10.56
15.16
13.22
11.98
15.78
18.15
13.66
18.95
13.74
14.85
17.25
16.16
14.64
13.81
14.15
16.59
17.83
15.21
18.60
15.97
17.54
14.61
18.53
16.61
15.73
16.56
17.30
15.81
18.61
11.57
17.01
14.92
15.07
15.90
13.64
16.82
14.73
14.39
16.98
15.38
15.23
15.48
13.18
16.58
13.79
11.13
15.60
14.17
14.51
13.66
14.34
14.07
13.06
15.21
16.12
17.87
13.22
14.29
16.98
15.45
13.09
16.28
15.31
13.50
15.89
15.65
15.24
17.49
15.26
11.89
14.66
11.38
18.96
11.87
18.74
13.80
17.26
17.51
13.69
16.08
12.15
12.48
18.45
14.44
12.31
17.75
17.95
15.98
17.71
15.26
16.52
15.62
15.74
15.20
12.25
11.68
18.40
15.91
14.80
14.23
17.22
15.12
14.19
18.42
15.49
18.05
16.08
14.69
16.44
14.34
16.37
15.65
14.34
15.42
16.48
15.88
14.57
15.24
17.15
16.29
11.85
15.96
15.84
17.06
12.95
15.56
12.85
15.83
16.14
16.62
13.99
12.61
15.14
10.74
16.28
13.40
14.81
11.84
11.87
15.89
10.50
14.74
13.95
14.31
12.85
15.73
12.78
14.32
14.10
16.17
11.94
13.50
14.22
15.12
15.65
15.46
16.63
17.16
16.61
12.71
14.84
13.93
15.27
14.56
14.70
15.18
17.51
14.31
12.50
12.22
15.49
13.75
12.86
15.57
12.39
13.60
10.90
13.35
18.64
18.14
14.75
15.95
15.83
13.54
14.22
12.83
16.82
 8.79
16.51
18.79
13.90
13.95
16.62
11.69
16.83
15.01
12.59
15.89
13.74
13.70
16.06
16.10
15.59
15.29
16.76
12.17
15.14
15.74
15.00
12.92
13.26
15.86
14.00
17.89
15.90
13.59
11.50
14.98
12.64
17.45
14.87
12.00
15.04
15.75
18.01
13.48
14.78
15.46
19.61
10.06
15.98
12.27
15.01
19.51
12.84
17.52
20.64
16.40
15.59
14.43
14.39
14.14
13.72
14.82
15.70
15.29
14.62
14.30
16.60
15.06
17.58
18.88
15.03
17.16
16.10
16.01
12.50
17.60
14.05
13.79
12.98
13.70
16.71
15.50
13.33
17.72
18.95
12.65
18.58
12.37
14.90
15.03
16.97
16.92
15.43
13.42
12.91
14.54
12.41
14.61
13.74
15.68
13.29
15.33
11.39
15.80
17.05
11.35
17.66
13.52
14.39
14.20
14.36
15.36
11.69
15.18
17.98
11.64
17.60
15.03
14.67
13.62
15.59
15.58
14.15
17.66
12.01
13.91
16.20
13.82
12.90
12.14
12.84
13.63
16.29
12.71
14.78
13.31
12.34
15.71
14.54
13.29
13.71
15.18
14.81
15.51
20.18
17.56
16.43
18.61
14.77
17.91
18.63
14.16
15.21
14.64
14.01
12.15
14.90
16.32
14.52
15.58
14.47
14.80
13.05
14.83
17.91
12.36
13.43
15.54
15.08
12.64
15.51
10.99
15.33
11.57
16.76
13.30
14.88
18.38
11.00
13.25
13.70
17.02
17.51
13.60
17.98
14.53
14.22
11.81
14.22
12.77
13.48
19.24
15.34
16.97
15.10
13.40
17.50
17.75
14.85
15.33
15.56
14.84
17.85
15.61
13.67
11.72
14.75
17.97
13.50
14.26
17.77
15.59
14.84
14.00
17.22
17.00
12.35
16.12
16.50
13.31
16.16
14.22
12.17
15.53
13.89
13.73
15.05
14.62
20.10
12.52
18.13
17.87
16.14
15.62
15.10
13.31
15.06
15.74
13.92
15.00
14.56
15.45
17.11
14.23
12.39
16.45
16.71
14.49
12.62
14.98
13.54
15.94
14.82
12.38
14.85
14.55
13.19
16.70
15.98
14.56
15.53
13.14
12.99
14.32
15.22
13.62
13.75
11.47
17.88
15.06
14.38
14.81
13.39
13.38
16.04
15.98
17.72
14.29
13.52
12.99
15.64
16.44
16.36
15.24
14.02
15.12
15.24
12.34
14.83
15.21
14.42
14.06
15.12
14.91
14.05
15.17
15.93
14.43
16.95
21.25
16.31
13.09
15.26
10.90
 9.33
14.62
17.17
16.40
14.81
16.52
12.09
14.22
15.08
15.90
18.08
19.90
16.31
13.99
13.13
14.91
14.96
14.20
15.29
15.18
16.62
16.18
14.17
13.89
17.52
16.29
14.84
14.23
13.41
13.99
12.95
14.94
17.19
16.87
17.41
11.50
17.95
16.79
12.10
17.45
14.85
15.41
14.22
13.22
17.56
13.75
16.46
17.62
14.60
14.34
17.76
13.17
14.79
14.91
15.40
15.30
16.45
13.18
14.34
12.42
17.00
13.52
14.94
13.50
15.49
13.11
16.24
14.52
15.62
17.03
14.31
15.67
17.16
15.48
14.49
12.35
14.73
13.14
12.26
13.83
15.71
17.13
14.04
13.81
17.67
13.96
18.23
14.94
16.89
12.50
12.92
14.96
17.44
11.94
14.14
15.60
15.85
16.39
15.98
17.99
12.92
11.33
15.16
17.41
14.40
14.61
17.36
13.54
15.69
14.83
15.30
19.00
12.80
13.74
15.72
19.02
14.47
17.45
13.59
13.60
15.81
18.80
14.68
13.14
14.72
18.22
15.00
17.48
13.50
14.45
14.74
12.23
16.12
15.83
14.65
15.46
12.02
18.41
11.59
15.67
16.86
16.16
12.81
13.13
14.98
18.76
12.64
14.95
13.02
14.52
14.52
12.07
15.62
16.07
14.99
16.88
13.22
17.67
16.33
15.95
15.46
18.26
14.29
13.94
12.41
17.33
14.28
17.33
14.56
15.39
11.32
13.49
12.58
16.28
16.27
14.97
19.46
16.24
16.96
14.14
16.87
15.50
12.77
15.09
16.65
 9.69
14.31
13.84
16.43
12.46
18.61
10.01
14.86
17.90
13.96
13.54
12.27
14.68
19.59
14.48
13.99
18.03
13.05
13.15
13.58
11.59
14.03
12.14
18.02
18.48
14.63
13.17
16.97
13.55
15.18
19.08
12.26
14.13
16.92
15.56
15.77
17.07
17.22
14.42
18.56
13.59
15.92
11.31
12.54
11.51
15.06
14.36
16.62
11.63
16.61
16.83
13.14
18.02
17.38
15.57
13.79
15.59
11.50
15.32
11.29
14.69
14.02
14.74
13.87
13.69
16.37
15.48
14.21
13.49
15.90
12.58
16.24
15.34
15.46
12.56
15.70
15.22
17.95
18.37
12.46
12.02
12.02
16.33
14.92
15.35
16.34
14.85
12.89
11.82
16.29
15.11
15.55
15.39
11.98
13.28
14.31
16.90
16.50
14.70
14.93
16.34
13.10
16.15
19.08
16.08
13.84
15.62
18.87
14.50
15.52
15.24
17.62
16.18
15.50
15.97
16.20
13.03
13.89
15.18
11.68
15.18
16.79
19.42
16.16
14.18
17.92
13.87
14.40
12.50
15.61
14.52
18.20
14.38
14.42
13.94
12.05
13.93
13.67
19.07
15.59
18.26
17.28
15.49
14.62
15.77
13.18
14.48
14.12
16.01
12.49
15.91
12.34
14.02
15.08
13.84
12.39
18.94
15.57
14.60
15.65
17.47
16.86
16.73
16.16
15.06
14.54
14.95
17.92
11.33
11.83
16.60
13.00
13.97
13.04
17.74
12.64
13.37
19.50
13.14
12.76
15.27
16.20
15.18
19.23
14.58
16.78
12.94
15.43
15.95
14.13
12.48
15.37
13.96
14.03
14.89
17.99
16.57
13.29
13.91
16.46
16.18
13.56
19.33
14.18
14.53
15.99
11.75
14.00
14.67
18.93
13.93
18.86
13.60
11.79
19.25
13.58
16.16
13.57
15.05
16.29
14.93
11.95
15.31
15.17
13.96
14.29
16.48
13.42
13.60
13.68
15.16
13.37
12.98
17.31
15.63
18.39
12.96
11.19
16.36
16.32
13.86
15.67
13.28
15.39
14.44
15.46
13.45
15.24
15.16
10.35
11.82
14.54
16.63
17.34
16.68
14.37
17.09
18.88
13.33
15.10
10.68
14.63
10.53
13.80
10.72
14.57
17.90
13.90
13.98
14.28
15.62
17.03
14.22
11.74
13.52
13.72
16.42
17.34
13.80
13.66
13.72
14.65
11.57
16.28
14.54
13.12
17.29
11.31
15.46
 9.20
13.29
15.84
17.01
14.34
11.43
15.90
18.39
14.58
16.26
17.48
13.02
13.68
14.08
12.97
13.66
17.29
13.93
14.23
16.46
12.70
12.92
15.65
15.55
16.14
16.34
15.25
15.23
13.76
13.09
14.04
10.55
13.93
12.61
16.88
15.84
11.72
16.41
16.82
11.47
13.23
15.53
18.32
16.35
16.76
11.41
18.15
16.01
14.79
17.38
16.41
14.58
16.86
18.50
 9.37
17.45
15.92
12.64
15.46
15.11
17.20
11.87
16.00
15.12
14.32
16.22
15.66
17.81
14.78
13.44
16.86
13.67
13.64
16.43
18.58
18.34
14.90
12.62
16.46
11.49
18.19
11.89
12.79
13.35
14.99
16.47
15.74
14.20
15.21
12.71
14.50
16.87
12.63
16.91
17.70
14.94
15.95
14.54
14.15
15.38
20.37
12.97
16.26
12.74
14.15
14.72
12.99
13.94
11.35
15.71
13.59
13.62
11.64
11.24
16.69
17.99
15.50
13.87
11.13
19.65
17.05
15.82
13.11
14.41
17.69
16.59
14.53
15.46
12.78
14.05
12.50
17.24
14.26
14.23
19.88
16.81
15.17
17.27
12.43
13.67
12.58
19.07
13.45
15.07
17.84
13.65
16.36
17.47
17.46
15.58
16.09
12.80
13.02
13.76
14.50
15.90
12.77
12.59
16.59
16.61
16.70
15.12
14.86
17.11
14.29
14.99
13.51
18.30
14.59
14.90
10.60
14.91
15.63
17.60
12.38
14.51
17.31
13.26
16.83
16.28
19.68
17.87
16.52
15.52
15.61
14.24
16.46
18.01
15.80
15.56
15.86
12.64
16.86
13.83
18.93
16.33
14.56
13.44
15.56
16.51
16.18
15.46
15.69
14.98
19.63
15.39
15.61
14.31
17.30
11.41
15.84
16.70
18.14
13.52
14.91
12.91
13.50
16.53
17.41
14.45
14.08
17.96
13.10
13.16
16.54
16.27
13.97
13.24
14.55
15.40
15.15
15.14
16.38
17.56
14.38
15.44
15.88
14.39
10.95
13.63
19.59
13.41
14.15
11.45
17.47
14.26
15.46
14.99
18.01
14.50
17.29
13.56
14.04
15.44
15.81
13.57
17.56
17.41
15.48
14.30
16.20
12.99
19.25
15.46
15.34
12.30
15.38
11.05
15.23
15.54
13.79
13.71
12.57
16.20
15.63
17.52
14.56
19.26
14.70
14.34
12.84
12.59
15.88
17.05
16.43
11.45
15.12
18.45
14.04
12.79
13.37
14.54
13.36
16.29
19.07
14.11
12.33
15.67
14.46
17.82
13.90
16.72
14.22
16.44
14.83
15.69
14.77
13.26
14.81
13.08
16.21
17.44
13.40
12.22
15.53
12.84
14.79
14.84
10.64
13.49
11.16
15.38
10.98
15.15
16.45
13.23
13.32
11.99
13.60
15.47
16.22
15.31
14.33
15.42
16.50
17.14
17.48
15.78
18.63
13.88
15.45
15.03
11.95
16.78
14.28
15.20
16.70
16.63
15.70
14.43
15.46
18.65
19.27
15.42
13.86
13.67
14.08
16.14
16.32
14.48
14.85
13.96
17.52
17.99
14.97
12.41
12.66
12.27
13.77
15.05
16.16
14.25
16.35
15.94
14.67
16.44
13.47
16.68
15.59
15.01
14.19
12.02
12.72
10.92
15.36
15.17
14.11
14.02
10.54
18.19
15.85
11.01
16.02
12.08
14.73
16.01
15.81
16.39
12.82
16.74
13.27
18.18
15.05
11.64
15.51
15.28
13.05
15.76
14.05
17.42
13.58
16.22
14.94
16.99
14.21
16.37
11.29
16.76
17.99
14.38
15.68
16.56
16.66
17.53
16.52
15.25
18.20
14.27
16.71
19.22
15.30
14.65
17.69
12.39
14.78
13.91
16.23
13.72
17.06
13.60
15.72
13.51
15.54
14.66
14.96
15.86
20.71
14.46
17.24
12.91
18.68
15.47
13.93
11.64
15.87
16.02
12.75
12.89
11.93
16.82
12.79
14.06
19.40
15.53
18.19
14.38
14.43
14.52
16.84
18.13
17.11
11.36
 9.53
12.65
16.79
16.05
13.00
12.89
14.36
15.83
15.76
13.65
14.43
16.63
15.54
15.84
17.50
12.97
14.90
16.81
11.99
15.16
15.38
14.11
15.19
14.71
19.40
15.99
13.38
10.81
16.01
16.60
15.78
16.45
14.77
12.26
10.79
13.93
12.88
17.11
15.84
13.79
14.33
16.31
17.70
17.69
13.66
13.80
15.95
16.71
15.73
15.26
15.33
15.31
15.33
12.55
15.72
12.44
17.24
13.33
13.50
13.93
17.60
15.88
18.05
15.05
11.66
14.14
15.86
15.87
13.01
11.74
15.55
16.19
16.20
15.18
15.56
10.74
14.95
11.73
12.66
15.61
17.43
12.39
14.68
14.77
14.94
13.28
14.33
15.57
15.39
13.12
16.63
17.62
14.34
15.22
14.64
13.97
19.28
16.08
16.01
14.57
17.97
17.26
14.73
17.41
14.79
16.05
17.96
14.99
13.99
16.86
15.91
11.79
14.09
11.44
16.15
10.75
10.81
16.09
14.29
17.10
13.25
13.90
13.18
12.86
16.03
13.69
18.33
13.01
15.01
12.89
17.16
15.86
13.94
14.83
13.58
17.08
14.63
18.05
19.76
14.78
18.41
13.75
14.46
15.33
17.01
18.13
13.46
11.42
12.76
12.53
11.74
13.65
14.52
14.20
14.18
13.18
14.41
16.00
17.08
14.18
14.28
16.45
13.35
15.99
11.50
14.51
12.78
15.15
10.62
14.86
18.29
14.34
14.32
11.21
12.63
18.75
14.39
19.02
16.10
17.91
18.52
15.21
15.49
14.75
13.95
13.86
14.57
11.30
15.59
15.29
15.91
11.86
13.45
15.86
15.35
14.24
16.17
15.84
16.38
16.56
14.37
12.60
16.12
14.28
14.96
14.37
18.12
12.84
13.74
16.69
16.19
15.87
15.03
13.65
13.13
17.20
19.09
10.89
13.92
15.29
13.58
13.38
13.22
16.30
13.38
14.47
15.84
13.29
18.62
11.71
16.95
17.16
14.00
16.43
14.73
18.74
18.92
15.24
13.16
17.16
15.78
13.42
13.21
15.57
17.97
13.88
15.92
16.94
15.41
14.55
13.51
11.62
16.67
18.55
 9.29
15.05
16.41
13.44
10.40
13.53
12.45
15.49
14.78
13.19
12.32
15.56
14.28
18.48
11.39
17.28
17.06
17.08
14.35
13.70
18.09
14.51
16.32
15.95
13.85
14.30
15.83
12.76
11.54
 9.78
15.95
11.20
12.51
15.68
15.74
16.36
13.25
14.55
16.82
19.71
16.36
12.79
17.01
13.47
16.49
15.59
13.54
16.97
17.13
16.55
18.09
17.22
20.11
16.62
15.53
14.52
15.27
14.94
16.17
14.91
14.58
16.66
17.79
12.20
11.52
18.40
10.87
14.63
16.89
15.26
14.65
16.22
16.24
13.81
14.36
17.65
13.38
11.91
13.26
16.02
15.84
19.28
14.73
11.38
15.39
12.85
16.44
14.49
16.12
12.86
14.35
12.87
16.53
15.37
14.40
16.00
15.18
17.25
17.09
12.71
18.13
13.32
14.71
17.54
17.93
13.54
13.07
13.45
15.26
18.05
13.92
16.31
14.40
12.95
16.53
17.23
15.87
15.15
13.65
12.04
18.12
14.54
13.76
16.79
16.58
15.02
12.94
15.21
15.71
14.51
14.60
14.14
16.05
14.81
15.58
16.65
11.16
17.36
10.89
12.96
14.12
15.10
16.99
18.15
16.30
18.51
14.06
16.49
15.09
13.90
17.55
13.41
13.85
16.88
14.97
14.34
12.39
14.23
12.95
12.01
17.64
17.00
15.93
15.68
16.22
10.87
14.33
17.64
16.70
12.75
15.14
16.10
12.81
14.22
15.92
17.42
18.50
14.79
13.00
17.39
16.36
13.46
14.47
16.38
14.41
12.76
16.90
14.69
14.35
12.78
12.93
13.28
16.99
17.34
13.47
15.23
16.63
12.67
12.10
17.32
15.48
13.98
15.22
15.49
18.91
10.73
17.50
15.56
13.87
14.32
13.50
13.51
12.27
17.08
15.74
15.31
13.77
13.47
17.94
15.92
17.92
14.20
15.73
13.64
18.79
13.87
15.49
12.01
15.64
16.52
11.93
18.73
14.87
13.21
15.69
15.68
14.56
13.86
14.66
12.14
14.36
14.09
14.57
15.66
12.36
15.16
16.92
13.88
14.46
14.37
14.57
21.30
12.12
14.45
17.62
17.43
14.02
13.55
19.74
16.26
16.08
14.94
13.86
17.07
17.72
12.88
15.14
19.19
17.54
16.27
16.31
12.36
14.73
14.86
15.93
17.97
12.88
15.60
16.52
16.28
13.47
13.00
15.04
14.05
15.42
13.04
18.83
13.20
15.82
14.94
15.81
14.49
17.04
12.70
14.12
14.24
12.28
 9.88
17.74
12.15
14.77
14.50
14.55
15.50
16.41
16.38
12.30
17.62
14.00
13.69
15.09
17.48
17.08
16.35
15.19
18.28
17.68
16.96
13.66
13.10
15.59
14.33
15.09
11.93
14.61
13.08
12.50
13.50
18.07
14.95
13.23
15.53
17.58
13.96
18.00
14.97
13.50
13.27
12.47
15.08
14.75
12.13
13.40
13.80
19.74
15.78
16.35
10.17
16.34
16.70
14.99
18.19
17.49
16.31
17.20
14.44
13.85
16.04
17.32
13.80
17.57
13.64
15.23
14.84
18.88
13.26
14.71
15.70
16.79
14.41
15.19
17.18
16.80
10.16
17.86
16.28
15.51
15.21
14.49
14.98
13.19
16.31
14.64
13.39
14.91
13.74
14.21
14.14
13.51
16.88
12.46
15.98
14.15
15.68
12.56
13.74
16.09
13.51
15.76
12.08
16.24
18.46
11.47
18.02
14.02
21.21
17.00
13.35
12.69
16.58
13.38
13.51
12.92
16.97
15.50
13.06
16.83
13.18
13.10
15.74
17.06
15.13
11.98
15.58
16.56
15.00
17.17
15.88
17.31
14.86
17.86
14.51
15.78
13.53
12.41
16.66
12.88
14.72
16.36
15.33
14.11
15.77
18.99
16.42
16.66
15.87
14.39
16.31
13.46
17.64
13.72
13.51
15.55
16.07
14.07
13.67
11.58
14.63
13.63
13.38
12.21
19.09
14.32
17.19
13.70
11.90
13.01
16.08
14.57
17.24
15.56
13.81
13.65
13.40
11.77
11.96
18.61
13.45
15.78
15.88
12.39
16.76
18.94
14.82
14.46
11.36
13.85
14.66
12.40
13.74
15.52
17.23
14.89
15.00
18.30
15.74
12.95
14.58
13.81
15.78
11.18
18.03
15.54
15.45
10.50
14.14
15.12
17.56
17.72
11.05
16.55
16.02
11.65
12.18
14.73
14.83
13.96
15.12
14.73
15.56
16.53
17.60
16.34
14.53
13.44
14.40
16.80
17.66
16.65
17.21
17.79
12.34
16.89
18.59
16.79
12.16
15.09
10.68
16.73
14.94
20.69
14.40
11.04
18.18
13.41
14.40
16.60
12.78
17.07
13.72
11.14
16.92
11.99
16.59
12.59
14.84
13.46
11.18
12.55
16.97
15.96
15.23
18.52
16.66
13.84
15.08
14.37
13.73
18.78
14.99
19.96
16.75
14.70
14.58
19.25
15.13
16.24
11.67
15.94
15.25
15.20
14.20
12.98
17.28
18.32
16.40
13.18
13.42
 9.34
14.08
18.52
15.94
16.85
14.58
11.46
15.25
16.48
13.05
13.43
15.67
20.16
14.53
15.11
 9.95
12.24
15.06
12.28
13.98
13.45
11.41
15.15
12.25
11.76
12.79
15.54
17.16
18.55
18.85
12.97
16.96
13.22
14.69
15.01
16.56
15.16
13.87
16.15
16.98
17.38
17.47
14.07
15.45
16.77
12.92
17.48
16.03
16.57
15.74
15.47
17.19
14.90
13.47
14.94
15.76
11.78
15.79
13.38
12.61
14.42
14.11
15.36
16.32
14.21
14.31
14.50
13.74
18.46
14.19
14.73
14.40
 9.62
12.41
18.98
15.96
13.33
15.08
12.02
16.67
15.62
17.34
14.80
11.42
15.36
14.18
15.95
16.49
14.16
15.67
14.66
17.49
15.73
14.58
11.70
18.91
15.81
12.37
15.49
17.03
13.67
14.42
10.38
12.23
17.31
14.10
12.60
14.56
16.38
17.55
16.76
12.52
14.40
14.66
17.76
14.36
15.78
17.05
16.59
14.75
17.67
11.51
14.45
21.15
15.26
16.76
15.67
16.34
14.10
12.97
13.50
14.24
16.51
14.05
13.38
14.11
19.74
12.84
14.03
17.07
15.72
14.28
21.12
16.85
14.95
12.94
13.37
15.17
14.35
16.62
11.35
16.61
14.77
16.71
12.04
14.40
16.82
17.74
13.08
14.57
16.83
16.24
11.29
14.28
13.97
18.90
14.83
16.13
13.74
15.24
16.31
15.55
 9.34
19.49
12.80
13.44
14.16
18.86
13.80
12.44
16.58
16.56
14.23
12.84
12.80
16.60
14.15
18.60
12.94
17.05
16.88
16.12
15.93
15.49
12.71
15.65
13.49
11.32
12.70
12.35
14.34
17.89
15.77
14.90
10.93
13.42
13.66
13.06
15.48
13.19
16.08
17.57
14.42
15.51
11.51
14.32
15.84
14.58
13.70
16.41
14.98
13.81
12.25
16.18
14.15
14.52
15.23
10.03
14.88
17.32
14.08
14.53
12.98
15.00
13.33
12.73
13.46
16.99
12.89
12.74
12.99
17.02
13.37
12.89
17.42
15.08
17.21
15.83
17.02
14.41
18.49
15.42
14.93
14.10
16.70
15.36
17.54
15.34
13.73
13.85
12.33
16.74
15.20
15.74
16.87
17.51
14.59
15.23
15.25
16.01
14.42
16.65
11.17
15.15
16.37
15.20
10.97
14.97
18.55
13.83
17.75
19.68
10.35
15.44
13.44
13.06
15.08
17.03
15.36
17.24
16.34
10.08
17.17
15.48
14.05
12.78
12.63
14.74
17.79
15.01
12.64
15.24
16.11
14.59
16.38
14.78
13.89
12.53
12.92
17.45
15.94
16.05
13.21
18.19
18.17
15.95
12.28
18.25
15.57
16.09
10.83
15.29
15.12
12.24
15.66
18.27
14.35
12.67
15.87
16.02
18.00
12.71
11.86
14.44
11.95
16.08
16.27
11.69
16.35
15.24
15.44
15.31
12.96
14.06
14.77
14.98
17.98
13.23
13.19
18.57
17.37
15.19
17.52
13.65
15.21
12.73
16.98
16.90
18.37
14.03
14.45
14.68
16.25
15.05
15.11
18.02
15.29
14.11
13.10
12.51
16.40
14.42
14.56
15.17
11.61
13.39
15.62
17.18
18.52
12.10
13.33
15.14
14.55
15.54
18.82
17.93
15.76
15.58
16.71
14.89
13.40
14.38
14.39
13.65
14.14
11.64
11.82
14.37
15.46
10.75
14.85
15.17
14.05
15.89
17.11
13.43
14.63
16.85
17.43
 9.94
13.46
15.31
13.62
13.95
11.37
12.87
19.07
12.19
10.77
14.51
13.49
13.98
15.40
12.11
17.11
13.33
13.54
14.47
15.27
14.80
13.49
17.01
15.42
14.60
17.02
15.53
15.95
14.30
16.84
13.11
17.34
13.61
15.40
17.34
13.96
18.56
13.59
15.21
14.26
15.37
15.30
15.84
14.33
16.25
13.01
13.42
14.54
17.42
15.27
11.01
18.97
17.29
17.45
18.78
12.89
13.52
15.55
15.04
14.79
17.03
15.36
11.09
15.95
17.37
12.46
13.01
13.50
12.45
15.33
14.42
16.67
14.13
18.13
15.10
15.81
15.83
10.27
14.13
15.09
17.42
11.05
13.25
12.39
17.94
14.08
13.14
13.12
16.90
16.95
16.36
18.52
13.66
17.61
16.75
16.04
13.65
12.96
14.77
13.25
14.17
19.41
12.97
19.46
14.51
13.88
16.86
16.56
14.86
15.33
16.78
15.73
14.05
16.13
14.42
15.53
13.32
12.91
15.87
17.45
13.46
14.25
17.04
12.19
15.33
16.55
14.83
11.77
17.02
14.48
13.75
13.52
14.55
13.93
13.10
15.63
12.45
11.35
12.12
16.31
15.79
13.62
15.36
16.26
13.97
18.16
13.46
12.95
17.14
13.83
15.87
18.00
13.21
14.42
12.64
19.07
12.84
16.86
15.65
14.97
15.49
15.15
15.15
15.04
15.66
15.50
17.11
17.54
14.76
14.61
15.01
14.75
18.67
14.66
12.88
15.14
16.96
15.70
14.10
13.85
13.78
13.72
15.83
16.06
16.45
15.24
12.89
13.18
12.44
14.74
14.18
17.15
15.99
15.40
12.22
15.24
14.49
14.80
13.11
13.42
13.77
15.04
14.12
14.40
14.42
15.25
14.26
14.06
14.09
14.53
15.06
17.25
15.43
14.50
14.60
17.02
16.02
14.52
14.56
12.21
13.60
11.88
14.29
17.47
15.68
15.74
14.94
14.74
13.93
16.56
16.49
15.77
14.66
15.74
14.94
13.54
12.04
15.14
15.53
11.59
13.15
15.50
14.00
14.50
12.88
15.25
18.32
17.44
15.09
13.43
12.72
11.36
12.86
14.80
18.38
17.36
15.65
13.37
14.24
14.87
15.54
12.80
10.67
14.61
14.51
13.84
13.47
14.24
16.11
15.57
15.77
14.14
14.26
13.62
16.88
15.10
13.22
13.36
11.16
16.43
14.38
14.92
15.08
13.64
15.50
13.45
16.48
14.78
16.03
14.28
13.50
17.13
13.49
12.25
16.23
13.64
14.51
14.29
15.38
14.72
14.93
15.68
16.53
13.89
15.35
17.14
18.83
14.16
17.74
14.55
14.57
12.63
16.58
19.79
12.74
15.67
17.59
15.85
15.83
12.52
16.26
15.36
18.16
14.25
12.98
13.26
15.91
15.78
19.21
12.19
15.16
15.67
14.37
16.31
18.41
17.76
16.15
17.50
11.86
14.97
12.02
15.59
15.11
14.80
15.43
16.92
12.12
17.54
15.35
16.29
16.25
13.91
15.06
14.63
15.38
12.11
15.77
16.51
14.55
14.30
19.18
12.50
14.68
16.22
13.54
16.53
14.82
14.42
17.87
12.07
12.74
14.24
16.81
12.10
16.18
15.84
16.72
13.81
14.46
15.81
16.87
17.31
12.41
14.37
13.93
16.87
16.84
12.43
19.59
12.19
15.45
17.02
16.63
14.11
11.22
14.02
15.23
12.00
16.38
14.61
16.03
16.28
17.41
13.60
13.39
18.00
16.03
12.12
14.12
16.77
13.83
12.60
14.56
12.62
14.43
17.13
16.82
14.36
15.57
18.13
 9.74
15.39
13.62
15.67
15.67
14.36
16.27
15.67
13.76
14.11
14.40
15.80
16.28
16.35
17.42
16.62
12.93
17.42
16.04
14.88
18.32
14.53
18.41
15.53
15.04
15.51
17.29
12.30
14.10
12.84
15.23
18.35
17.25
16.23
14.02
13.60
13.57
16.09
11.09
16.53
13.69
16.45
16.41
14.23
16.61
16.76
15.04
13.77
13.30
15.78
12.21
12.47
17.50
15.28
18.49
16.89
11.51
12.66
13.56
14.16
15.26
12.98
11.49
16.31
15.05
14.79
11.73
13.40
17.11
15.40
15.31
12.40
17.15
15.34
14.08
13.60
13.76
15.76
14.31
14.17
15.89
17.11
15.69
20.05
14.64
15.73
14.66
18.66
16.75
15.47
11.58
11.48
18.21
13.57
14.03
14.12
19.31
14.68
15.99
15.69
16.09
14.63
16.53
14.72
12.40
13.65
13.61
17.34
16.16
15.39
14.22
11.83
14.58
15.07
14.38
13.07
15.82
16.18
17.70
19.20
14.70
16.31
15.43
14.13
12.30
13.09
14.35
14.34
18.12
17.46
14.92
14.68
17.08
13.75
13.50
17.10
15.52
17.19
18.46
13.79
16.19
18.33
16.93
15.50
14.87
16.29
15.20
13.26
11.15
16.23
12.45
14.45
14.92
16.00
13.29
19.07
12.94
18.35
15.70
12.80
14.73
13.26
13.20
16.58
16.59
12.50
12.32
17.42
14.45
17.98
17.68
14.82
16.61
14.96
13.86
17.03
13.84
15.62
13.92
15.70
14.99
13.39
18.82
17.45
16.49
15.17
11.33
14.87
13.18
14.06
12.71
15.89
15.26
14.09
13.87
18.00
12.53
14.30
11.45
15.93
14.60
15.06
16.92
15.27
12.79
17.18
13.70
15.86
15.17
14.51
14.98
17.57
13.23
16.13
15.88
12.17
22.08
15.47
13.97
15.10
14.77
14.88
13.25
15.46
15.51
17.68
14.48
10.97
18.43
11.87
11.54
12.62
12.64
17.84
14.11
17.69
15.23
17.90
12.87
15.05
15.25
14.43
14.40
16.57
12.96
12.54
15.45
20.46
14.91
14.65
16.45
15.28
16.75
11.75
15.21
13.91
12.32
18.12
16.11
20.23
16.15
15.27
15.52
14.94
17.35
13.40
16.21
16.23
16.06
16.43
14.69
18.69
15.04
14.95
15.02
13.64
13.27
14.01
14.78
16.55
14.00
12.59
14.47
16.26
15.84
15.74
16.46
15.17
16.12
18.05
15.22
13.78
12.27
11.90
13.75
10.17
15.19
14.34
13.33
15.68
14.57
14.08
15.58
14.39
12.69
16.08
15.01
14.59
13.85
16.18
16.29
13.32
14.48
15.46
16.91
12.97
12.62
13.49
15.20
13.25
13.73
13.08
15.99
18.12
12.69
15.03
17.05
14.33
16.76
13.56
14.86
11.94
11.11
14.60
17.17
14.13
13.09
13.03
17.65
16.13
15.78
13.42
12.43
15.20
13.67
13.64
 9.87
15.94
15.34
17.17
16.52
13.23
12.10
17.97
15.97
15.22
15.22
15.39
15.05
14.03
20.54
15.94
14.59
13.19
18.96
13.99
14.00
17.84
14.34
14.33
14.03
13.91
15.73
15.65
14.87
16.31
14.10
17.72
11.37
16.56
13.55
15.52
16.18
16.54
16.20
14.46
16.08
14.19
15.34
13.06
15.67
14.47
14.73
13.03
12.89
15.10
11.99
13.34
18.55
12.50
13.97
14.49
13.45
14.48
16.25
16.39
18.86
12.78
16.94
15.05
11.91
16.39
12.44
15.79
15.46
16.89
15.87
13.20
14.24
11.28
16.49
11.48
13.89
12.76
15.78
13.37
15.80
19.15
13.43
15.55
15.74
12.80
17.14
15.59
18.75
18.50
14.22
15.95
14.43
18.70
16.27
14.36
15.84
17.94
14.01
15.88
14.40
16.20
15.56
13.59
17.65
17.48
14.71
17.47
13.45
15.52
14.90
17.90
14.50
14.91
13.94
12.71
17.50
15.68
13.73
17.98
14.58
13.24
16.64
15.62
14.14
14.55
14.42
17.05
13.69
16.84
15.81
16.77
14.62
16.34
14.85
14.82
18.30
16.76
11.84
15.47
15.69
13.45
14.13
14.12
12.17
16.25
11.42
14.05
15.42
15.89
14.09
16.11
14.04
16.99
15.47
19.01
17.34
 9.06
17.07
15.55
16.97
13.86
15.04
20.06
14.04
15.27
15.09
17.60
18.23
15.13
14.78
16.30
19.38
13.73
16.91
14.37
13.85
11.20
14.16
18.33
13.40
17.66
16.93
12.26
12.03
13.92
14.23
15.66
16.51
11.84
13.74
14.26
13.92
14.77
15.11
16.58
13.82
14.01
15.89
17.71
16.21
11.01
15.01
14.61
18.57
11.01
16.40
14.07
16.65
18.73
15.45
11.99
14.46
12.54
15.40
19.46
14.62
15.14
13.94
13.30
13.92
18.69
16.78
17.01
17.53
16.03
18.39
14.66
13.24
17.61
17.17
15.31
14.07
15.29
12.07
13.90
14.04
19.56
14.89
17.91
14.00
14.68
17.60
15.39
18.41
12.98
15.68
19.58
 8.98
10.90
14.44
15.75
12.86
14.19
14.63
18.92
13.49
13.67
16.64
12.94
13.69
12.34
16.16
15.43
12.69
15.23
13.67
17.15
14.38
13.18
12.75
16.91
15.17
13.78
16.33
12.67
12.77
14.02
12.85
17.66
17.42
18.07
 9.39
17.88
12.90
14.06
17.80
17.00
17.60
16.57
16.06
12.73
15.36
13.53
18.83
12.52
15.67
14.52
14.52
13.69
13.25
19.45
16.80
16.73
15.79
17.11
13.49
16.95
14.20
14.61
14.24
15.55
13.67
16.72
12.59
15.27
18.71
15.60
16.14
14.60
15.87
14.24
16.91
13.24
17.78
15.95
16.51
12.21
15.14
15.86
13.48
17.06
18.28
 9.85
16.79
16.04
14.98
10.01
19.18
19.02
13.89
11.21
14.19
15.22
17.03
19.73
17.27
14.55
16.20
11.78
12.02
13.80
13.76
18.56
15.03
14.29
15.55
16.97
14.43
13.31
14.13
13.98
14.95
14.90
18.50
14.38
14.82
14.65
17.17
20.96
16.13
14.07
14.06
16.43
14.99
17.06
11.71
19.96
12.74
14.00
12.50
14.80
16.02
11.24
14.78
17.74
14.45
16.47
15.53
10.99
19.88
14.88
11.60
16.22
17.43
17.31
15.01
14.12
14.68
16.26
16.33
15.21
15.61
12.07
17.72
17.56
14.76
14.26
13.39
14.38
15.94
13.32
18.54
14.80
15.99
14.54
14.54
17.16
15.86
13.61
14.90
12.95
15.23
15.92
14.22
17.12
13.92
12.12
14.77
14.88
15.19
14.92
12.91
12.44
13.94
13.92
15.76
16.78
13.15
13.21
15.24
17.42
16.94
14.08
15.31
13.86
15.08
16.04
13.15
18.25
12.17
14.48
16.03
16.00
18.35
17.92
17.94
12.00
13.55
18.64
17.53
15.84
15.32
19.77
10.15
16.70
15.15
14.06
12.64
14.69
13.61
13.58
16.05
14.82
16.62
17.54
17.50
14.04
15.93
13.83
15.90
14.43
18.47
14.03
16.90
17.04
18.04
19.13
15.77
13.60
14.73
14.38
12.12
16.75
18.77
14.55
16.34
15.96
16.81
16.55
17.35
14.47
15.05
17.26
16.11
14.13
13.77
15.13
12.30
16.25
12.51
16.69
17.64
13.35
14.31
17.01
13.60
14.37
14.19
14.41
13.79
13.86
14.79
15.96
13.29
15.99
19.43
15.79
15.95
16.69
14.02
11.99
15.75
11.09
16.49
12.16
14.01
15.72
14.53
14.40
14.95
14.80
15.80
11.08
11.41
14.09
15.19
12.96
13.03
13.91
13.68
15.21
13.57
16.01
16.92
16.93
15.84
12.64
14.19
16.52
11.87
13.35
12.91
14.37
14.00
15.46
15.90
16.19
15.31
14.14
16.29
13.64
10.76
18.34
12.25
15.14
15.03
14.75
15.42
15.34
15.43
12.19
16.78
14.42
16.55
13.09
17.25
12.74
17.39
14.05
16.13
15.30
11.61
13.25
14.97
18.69
14.93
13.42
14.51
14.84
16.37
20.57
12.15
14.69
15.18
15.31
14.57
16.39
13.90
17.38
14.82
12.98
12.37
17.21
16.87
15.46
17.33
15.13
15.71
18.10
13.67
11.05
17.08
15.18
14.60
15.11
13.15
10.15
17.53
13.47
15.74
15.96
 9.97
18.46
17.35
14.49
16.97
16.73
14.76
14.99
13.38
16.35
18.63
15.86
17.25
15.52
15.32
11.39
13.39
14.92
13.58
17.14
14.90
10.84
16.08
19.46
12.05
16.35
11.74
15.69
16.02
19.99
14.48
15.01
17.68
13.47
14.03
16.68
17.80
15.83
14.19
14.80
14.17
14.65
11.83
15.49
15.24
13.50
17.21
17.56
15.37
12.97
14.19
13.14
14.31
17.89
14.82
14.38
16.23
17.38
17.72
18.92
14.06
20.46
16.54
14.01
17.87
19.58
15.19
16.01
17.58
12.66
15.31
11.44
14.84
14.60
17.33
12.64
15.57
15.81
14.80
15.99
13.46
14.03
16.57
16.24
17.37
16.09
12.78
15.76
20.05
14.08
16.42
13.13
13.96
15.06
14.82
16.21
15.25
17.48
15.53
16.24
17.58
15.96
16.13
15.96
11.65
14.59
16.64
17.57
17.13
12.81
16.55
12.12
14.65
11.56
15.54
13.88
16.11
15.46
15.89
15.58
11.77
14.28
15.63
13.07
14.89
17.75
17.82
12.82
14.19
16.64
18.21
17.15
12.57
16.11
14.89
17.44
15.57
19.14
18.83
10.58
16.74
13.02
16.14
17.12
16.98
13.52
12.30
15.10
15.72
16.19
15.72
10.72
16.51
17.90
13.76
15.87
16.00
17.48
16.52
16.32
17.23
15.78
15.23
10.14
16.53
12.81
15.38
17.02
16.81
11.02
13.97
11.96
14.91
17.45
13.69
16.77
15.22
13.25
18.86
13.90
10.94
18.93
14.28
11.14
12.94
12.81
11.21
13.49
13.62
14.80
14.02
13.78
18.00
13.62
15.17
16.33
14.67
16.70
14.14
12.78
14.73
13.62
16.08
16.67
13.70
13.15
13.26
15.52
14.95
17.78
12.38
16.03
12.81
15.90
15.80
18.96
11.97
11.74
15.59
 9.51
15.13
14.89
15.02
18.67
15.75
19.26
15.47
11.21
15.66
13.26
11.93
16.00
12.22
18.43
14.19
13.72
13.53
15.27
11.27
12.22
13.27
13.13
15.46
12.43
13.12
15.33
11.78
14.97
12.39
17.22
14.77
17.09
16.47
13.47
14.70
11.33
13.99
14.80
16.51
14.05
12.90
16.96
15.05
17.22
16.22
15.84
12.60
15.23
16.74
16.27
14.14
15.43
20.68
16.44
15.93
19.63
13.38
12.48
12.90
11.63
15.48
17.84
12.50
14.04
13.75
16.14
13.75
11.76
17.26
15.46
16.00
11.74
15.86
14.78
15.23
11.67
13.42
16.65
13.47
14.92
16.40
16.99
13.88
13.90
13.64
11.67
17.17
14.72
14.07
13.27
15.24
13.45
15.54
12.43
17.57
13.66
14.89
12.65
15.14
17.79
17.54
12.94
13.48
17.69
12.08
13.07
15.48
18.96
13.74
15.39
12.10
18.54
17.37
14.16
15.48
13.46
15.95
14.88
14.74
14.72
17.01
11.01
16.36
13.89
13.14
16.16
16.23
15.37
12.08
13.05
14.63
12.17
15.96
14.59
13.64
16.04
11.92
16.46
13.28
14.84
12.67
14.43
11.93
15.12
14.17
13.92
11.81
15.37
14.02
15.53
15.34
13.46
14.30
15.99
15.08
15.94
13.32
14.45
11.66
15.08
16.84
16.35
19.29
15.37
12.68
16.46
18.30
12.69
17.87
10.17
12.23
14.52
13.91
16.55
15.39
13.51
18.42
14.99
13.51
14.70
18.30
17.22
16.12
13.60
15.15
14.30
14.39
10.94
20.85
16.48
13.42
14.87
18.10
17.31
17.70
15.82
15.22
17.44
13.90
13.44
14.70
16.39
16.81
16.20
15.08
15.12
15.54
12.52
11.43
16.35
17.11
18.33
14.40
15.12
20.86
15.96
10.46
14.29
13.63
15.84
13.66
16.57
15.71
16.82
13.98
15.46
15.72
12.86
14.37
16.41
14.82
13.55
13.59
11.96
 9.38
11.44
12.98
15.73
13.22
14.93
14.60
12.15
13.38
12.47
14.35
19.72
15.93
17.14
16.35
13.02
15.80
16.70
15.98
15.11
16.94
13.77
18.52
16.79
17.52
13.43
15.64
10.76
13.41
16.87
15.37
19.05
14.67
13.85
17.24
14.40
15.35
14.60
14.11
12.41
15.61
14.20
17.85
13.26
16.80
15.24
12.55
14.79
14.39
13.64
13.65
14.63
13.89
14.75
14.03
16.19
13.89
15.97
13.80
14.88
13.59
15.44
11.52
12.62
18.46
15.68
14.79
14.82
11.90
14.24
13.82
13.85
14.24
17.06
16.46
12.88
16.65
11.67
14.41
14.77
13.49
15.28
14.85
15.35
18.02
16.62
15.76
18.67
16.76
19.71
16.21
15.75
15.12
19.26
12.97
16.10
16.82
16.71
16.37
13.29
14.61
14.73
14.50
17.74
16.34
12.80
13.85
17.08
14.57
12.63
14.31
17.84
11.97
11.19
14.66
12.39
13.63
15.23
13.23
15.02
13.68
14.69
15.07
13.29
16.25
16.72
16.41
12.74
12.57
20.51
13.29
16.63
14.90
16.45
15.85
15.48
13.62
15.91
18.34
13.45
15.22
14.39
15.11
14.10
16.36
17.05
13.71
15.82
16.47
16.08
15.20
16.09
15.54
18.84
15.63
13.10
13.90
17.17
14.34
15.56
16.91
15.52
15.30
14.90
15.19
13.81
15.46
14.94
13.84
15.25
12.47
15.04
14.77
11.37
14.94
12.71
16.59
12.62
11.78
17.19
15.91
15.22
13.62
14.63
14.51
15.09
14.18
16.80
16.31
14.10
14.48
11.52
12.63
15.06
14.02
13.16
13.40
16.28
14.08
14.68
15.80
18.05
14.86
13.80
15.40
13.18
14.99
17.42
13.32
13.84
10.71
14.94
16.86
14.93
10.29
13.53
15.83
18.61
14.07
15.93
12.74
16.57
16.39
